1,15,1413.58,805.239,184.021,66.7576,1,-1,-1,-1
1,14,180.067,128.158,64.5952,69.2296,1,-1,-1,-1
1,13,587.875,320.683,143.1,76.4093,1,-1,-1,-1
1,12,540.697,79.6842,106.642,85.9712,1,-1,-1,-1
1,11,176.387,29.2146,83.6938,83.8011,1,-1,-1,-1
1,10,722.322,212.806,110.902,65.5101,1,-1,-1,-1
1,9,443.954,145.704,105.997,90.2494,1,-1,-1,-1
1,8,426.008,247.454,141.874,94.7951,1,-1,-1,-1
1,7,447.613,351.666,144.822,121.559,1,-1,-1,-1
1,6,245.47,100.852,112.009,96.0315,1,-1,-1,-1
1,5,40.8693,43.2485,81.9849,86.0001,1,-1,-1,-1
1,4,934.99,225.965,162.943,117.913,1,-1,-1,-1
1,3,118.319,205.516,78.6979,88.661,1,-1,-1,-1
1,2,334.881,184.512,137.795,72.1112,1,-1,-1,-1
1,1,950.133,678.225,168.368,142.758,1,-1,-1,-1
2,16,1215.5,234.658,186.677,114.087,1,-1,-1,-1
2,15,1435.8,810.257,190.424,72.7239,1,-1,-1,-1
2,14,180.552,121.216,89.1538,85.3376,1,-1,-1,-1
2,13,618.506,313.995,146.048,78.9171,1,-1,-1,-1
2,11,188.956,28.2519,88.2514,90.0072,1,-1,-1,-1
2,10,738.438,220.757,137.752,79.8773,1,-1,-1,-1
2,9,456.29,165.347,97.8371,100.462,1,-1,-1,-1
2,8,456.867,262.67,124.12,87.2262,1,-1,-1,-1
2,7,449.051,355.37,139.514,116.879,1,-1,-1,-1
2,6,254.079,115.013,104.121,74.6626,1,-1,-1,-1
2,5,60.7349,61.2476,78.0206,77.1388,1,-1,-1,-1
2,4,969.363,239.884,125.19,72.885,1,-1,-1,-1
2,3,118.862,211.971,81.7387,86.8138,1,-1,-1,-1
2,2,342.534,177.364,142.281,92.4968,1,-1,-1,-1
2,1,936.154,690.865,158.114,110.898,1,-1,-1,-1
3,14,192.91,129.602,67.8935,63.3042,1,-1,-1,-1
3,13,623.061,307.733,165.928,95.2289,1,-1,-1,-1
3,12,556.316,73.2354,113.976,97.0526,1,-1,-1,-1
3,10,764.887,226.445,136.613,79.431,1,-1,-1,-1
3,9,465.548,166.473,113.128,104.397,1,-1,-1,-1
3,8,453.728,250.393,141.05,98.8447,1,-1,-1,-1
3,7,449.298,343.316,150.543,140.17,1,-1,-1,-1
3,6,271.327,122.714,101.27,62.1782,1,-1,-1,-1
3,5,66.1208,74.4509,67.3703,75.2777,1,-1,-1,-1
3,4,997.287,232.845,135.048,70.1869,1,-1,-1,-1
3,3,115.758,214.783,84.1581,82.8173,1,-1,-1,-1
3,2,334.254,177.401,142.037,92.5091,1,-1,-1,-1
3,1,906.968,706.755,160.456,83.7216,1,-1,-1,-1
4,17,17.8202,1.07467,74.7609,56.1368,1,-1,-1,-1
4,16,1280.51,230.036,175.473,87.7425,1,-1,-1,-1
4,14,188.785,127.737,71.3976,77.133,1,-1,-1,-1
4,13,619.683,307.499,169.273,92.6947,1,-1,-1,-1
4,12,565.887,63.612,116.202,103.949,1,-1,-1,-1
4,11,189.964,60.5882,63.2732,70.513,1,-1,-1,-1
4,9,467.707,167.174,117.223,112.426,1,-1,-1,-1
4,8,461.692,264.812,141.237,99.1828,1,-1,-1,-1
4,7,453.289,340.389,145.489,146.102,1,-1,-1,-1
4,6,278.321,126.545,120.883,84.48,1,-1,-1,-1
4,5,67.7286,87.7973,72.3416,76.3886,1,-1,-1,-1
4,4,1018.59,220.746,159.372,92.4354,1,-1,-1,-1
4,3,114.386,213.282,79.8849,81.8503,1,-1,-1,-1
4,2,360.669,191.205,122.629,76.6889,1,-1,-1,-1
4,1,867.066,706.273,174.758,85.3251,1,-1,-1,-1
5,17,19.9994,0.626749,75.4841,52.1998,1,-1,-1,-1
5,16,1311.32,215.551,168.45,80.8179,1,-1,-1,-1
5,14,188.952,127.833,75.5382,77.455,1,-1,-1,-1
5,13,660.83,309.79,144.63,86.65,1,-1,-1,-1
5,12,573.83,84.9394,110.55,95.5583,1,-1,-1,-1
5,11,204.756,63.4162,65.8392,73.0753,1,-1,-1,-1
5,10,810.478,222.601,143.437,108.581,1,-1,-1,-1
5,9,476.486,175.499,106.863,106.903,1,-1,-1,-1
5,8,493.444,272.524,123.143,96.2562,1,-1,-1,-1
5,7,451.019,351.477,147.201,138.48,1,-1,-1,-1
5,6,288.817,134.196,117.413,77.1866,1,-1,-1,-1
5,5,76.7287,103.612,78.2569,81.0052,1,-1,-1,-1
5,4,1039.07,199.289,179.743,108.4,1,-1,-1,-1
5,3,116.481,222.187,85.8932,78.5887,1,-1,-1,-1
5,2,370.904,198.772,136.691,79.5042,1,-1,-1,-1
5,1,819.709,700.491,191.904,89.597,1,-1,-1,-1
6,19,1606.13,841.477,191.703,117.525,1,-1,-1,-1
6,18,118.123,0.703139,69.4499,96.7531,1,-1,-1,-1
6,17,20.8845,0.861816,88.9243,67.1367,1,-1,-1,-1
6,16,1326.45,209.079,184.844,82.8891,1,-1,-1,-1
6,14,193.302,131.343,80.9434,76.2889,1,-1,-1,-1
6,13,686.954,332.772,145.337,71.7241,1,-1,-1,-1
6,12,559.438,87.2944,124.492,95.8782,1,-1,-1,-1
6,11,208.357,68.868,69.1498,71.8169,1,-1,-1,-1
6,10,833.956,246.952,128.129,77.1136,1,-1,-1,-1
6,8,507.743,294.045,117.53,95.2397,1,-1,-1,-1
6,7,450.683,340.194,136.761,152.982,1,-1,-1,-1
6,6,306.888,135.303,110.782,79.8475,1,-1,-1,-1
6,5,96.1222,129.736,80.4763,88.9351,1,-1,-1,-1
6,4,1053.5,204.472,149.546,105.378,1,-1,-1,-1
6,3,118.867,225.958,97.9916,71.3029,1,-1,-1,-1
6,2,366.916,202.832,134.886,85.5537,1,-1,-1,-1
6,1,794.003,698.444,211.493,124.237,1,-1,-1,-1
7,19,1624.55,844.909,232.694,150.462,1,-1,-1,-1
7,18,116.633,0.885036,73.4606,106.147,1,-1,-1,-1
7,17,22.1443,0.474197,94.0589,102.317,1,-1,-1,-1
7,16,1338.19,187.142,210.911,138.37,1,-1,-1,-1
7,14,198.007,128.275,88.2837,83.4483,1,-1,-1,-1
7,13,699.768,342.717,141.654,63.6143,1,-1,-1,-1
7,12,573.893,95.1383,110.529,100.371,1,-1,-1,-1
7,10,867.003,253.688,135.345,80.1581,1,-1,-1,-1
7,9,502.412,193.42,146.205,121.578,1,-1,-1,-1
7,8,531.121,315.012,114.624,90.1486,1,-1,-1,-1
7,7,451.89,356.054,150.013,137.993,1,-1,-1,-1
7,6,300.079,142.766,131.797,100.517,1,-1,-1,-1
7,5,104.299,139.641,83.8846,80.449,1,-1,-1,-1
7,4,1064.53,210.978,153.237,88.7055,1,-1,-1,-1
7,3,134.259,226,84.1629,71.5594,1,-1,-1,-1
7,2,367.502,213.566,135.554,93.3767,1,-1,-1,-1
7,1,775.548,735.822,164.123,96.2323,1,-1,-1,-1
8,20,602.621,1.13767,101.058,52.945,1,-1,-1,-1
8,17,23.8491,10.9019,98.4179,110.304,1,-1,-1,-1
8,14,210.361,139.063,83.823,78.8211,1,-1,-1,-1
8,13,737.441,337.718,146.213,71.6596,1,-1,-1,-1
8,12,587.837,99.0508,104.69,99.7144,1,-1,-1,-1
8,10,899.142,253.978,138.155,59.3702,1,-1,-1,-1
8,9,515.833,194.816,141.769,119.933,1,-1,-1,-1
8,8,563.681,320.923,120.331,99.4929,1,-1,-1,-1
8,7,457.045,363.474,143.181,129.73,1,-1,-1,-1
8,6,329.085,153.531,102.61,68.3123,1,-1,-1,-1
8,5,111.233,145.473,91.49,73.0447,1,-1,-1,-1
8,4,1097.35,214.048,142.075,74.2979,1,-1,-1,-1
8,3,146.846,226.629,66.8763,54.9167,1,-1,-1,-1
8,2,378.866,228.427,134.772,87.6257,1,-1,-1,-1
8,1,758.728,736.984,158.572,113.446,1,-1,-1,-1
9,21,1723.83,823.53,193.954,95.878,1,-1,-1,-1
9,20,602.905,1.15337,96.8794,54.7831,1,-1,-1,-1
9,19,1660.2,843.831,150.425,133.568,1,-1,-1,-1
9,17,29.1689,16.6632,108.672,104.824,1,-1,-1,-1
9,16,1418.84,193.589,200.387,96.4733,1,-1,-1,-1
9,14,206.74,140.046,100.504,84.3011,1,-1,-1,-1
9,13,744.368,315.301,150.69,117.334,1,-1,-1,-1
9,12,607.381,114.916,96.6206,94.0586,1,-1,-1,-1
9,10,932.837,247.59,138.739,79.8976,1,-1,-1,-1
9,9,548.143,192.701,129.027,129.536,1,-1,-1,-1
9,8,570.645,333.698,130.409,143.35,1,-1,-1,-1
9,7,460.259,362.04,126.499,137.775,1,-1,-1,-1
9,6,335.826,157.997,164.118,105.848,1,-1,-1,-1
9,5,120.052,148.34,110.179,75.1249,1,-1,-1,-1
9,4,1118.63,213.863,152.327,69.19,1,-1,-1,-1
9,3,139.223,224.641,84.0197,75.2699,1,-1,-1,-1
9,2,418.963,254.582,115.634,68.7275,1,-1,-1,-1
9,1,736.991,762.928,132.889,124.648,1,-1,-1,-1
10,20,601.538,1.23394,103.717,57.1549,1,-1,-1,-1
10,17,44.0014,23.8345,100.213,96.9769,1,-1,-1,-1
10,16,1434.29,190.261,206.572,125.753,1,-1,-1,-1
10,14,204.59,149.373,124.697,84.4665,1,-1,-1,-1
10,13,756.491,319.29,147.741,110.953,1,-1,-1,-1
10,12,611.979,135.299,121.645,97.7517,1,-1,-1,-1
10,9,564.181,211.613,134.998,119.341,1,-1,-1,-1
10,8,589.221,346.976,136.528,114.86,1,-1,-1,-1
10,7,454.557,349.203,124.326,151.534,1,-1,-1,-1
10,6,331.379,165.391,150.485,93.3626,1,-1,-1,-1
10,4,1158.54,195.429,170.085,89.8749,1,-1,-1,-1
10,3,144.725,224.361,82.3671,75.915,1,-1,-1,-1
10,1,702.335,782.507,156.616,120.736,1,-1,-1,-1
11,21,1806.64,822.429,111.286,74.4658,1,-1,-1,-1
11,17,58.9328,34.7647,72.4785,112.442,1,-1,-1,-1
11,16,1470.6,209.925,188.335,115.022,1,-1,-1,-1
11,14,219.557,153.996,113.266,81.9314,1,-1,-1,-1
11,13,773.77,311.433,142.777,129.483,1,-1,-1,-1
11,12,642.123,154.715,105.007,94.1368,1,-1,-1,-1
11,10,972.363,229.364,162.748,117.919,1,-1,-1,-1
11,9,577.686,234.94,149.479,102.929,1,-1,-1,-1
11,8,622.079,359.983,139.089,109.762,1,-1,-1,-1
11,7,451.511,354.312,130.245,151.542,1,-1,-1,-1
11,6,340.017,169.506,139.466,97.9854,1,-1,-1,-1
11,5,132.591,150.457,99.016,74.0654,1,-1,-1,-1
11,4,1170.58,193.194,157.454,96.3198,1,-1,-1,-1
11,3,150.024,220.042,89.5924,82.3819,1,-1,-1,-1
11,2,440.692,250.697,145.987,94.3484,1,-1,-1,-1
11,1,689.119,802.411,163.6,101.363,1,-1,-1,-1
12,22,164.148,90.9873,73.0931,84.3818,1,-1,-1,-1
12,17,78.0174,88.4085,64.2809,95.7872,1,-1,-1,-1
12,16,1485.95,211.992,222.06,127.115,1,-1,-1,-1
12,14,226.818,155.911,119.104,86.4157,1,-1,-1,-1
12,13,776.387,305.104,153.431,105.652,1,-1,-1,-1
12,12,659.821,180.244,114.205,84.4057,1,-1,-1,-1
12,10,1005.15,236.824,142.756,94.5619,1,-1,-1,-1
12,8,648.722,369.132,159.439,111.045,1,-1,-1,-1
12,7,451.647,363.594,122.08,145.666,1,-1,-1,-1
12,6,350.524,181.24,112.077,101.082,1,-1,-1,-1
12,5,146.771,158.468,83.9769,65.5912,1,-1,-1,-1
12,4,1221.49,198.45,150.6,83.5062,1,-1,-1,-1
12,3,156.513,215.488,79.345,79.0225,1,-1,-1,-1
12,2,442.292,262.665,134.836,97.5156,1,-1,-1,-1
12,1,673.865,795.241,165.197,81.9034,1,-1,-1,-1
13,24,1805.61,252.258,111.365,91.649,1,-1,-1,-1
13,23,1698.84,1.25514,217.401,99.7928,1,-1,-1,-1
13,22,158.086,101.46,80.0568,118.388,1,-1,-1,-1
13,17,81.4915,104.137,77.267,86.9907,1,-1,-1,-1
13,16,1519.38,248.418,190.213,91.3006,1,-1,-1,-1
13,14,230.824,166.153,127.203,85.7962,1,-1,-1,-1
13,13,795.404,302.274,148.076,115.527,1,-1,-1,-1
13,12,680.086,183.553,119.432,87.3607,1,-1,-1,-1
13,10,1035.8,227.28,150.567,73.0701,1,-1,-1,-1
13,9,644.879,246.818,151.753,129.287,1,-1,-1,-1
13,8,656.714,374.074,169.324,120.646,1,-1,-1,-1
13,7,449.977,360.054,124.539,153.491,1,-1,-1,-1
13,6,353.891,191.751,116.487,102.179,1,-1,-1,-1
13,4,1261.46,185.59,146.518,77.1669,1,-1,-1,-1
13,3,162.722,219.174,70.5155,72.9217,1,-1,-1,-1
13,2,478.411,283.448,115.345,90.8455,1,-1,-1,-1
13,1,646.545,806.181,163.931,62.0169,1,-1,-1,-1
14,23,1830.84,4.86749,82.8036,91.2223,1,-1,-1,-1
14,17,91.0119,119.854,78.8164,93.8718,1,-1,-1,-1
14,16,1511.39,237.55,212.744,109.205,1,-1,-1,-1
14,14,254.592,177.437,116.925,81.2897,1,-1,-1,-1
14,13,825.738,308.143,143.544,90.8382,1,-1,-1,-1
14,12,687.179,183.39,142.626,95.6189,1,-1,-1,-1
14,11,186.752,115.888,87.5239,73.993,1,-1,-1,-1
14,10,1056.34,214.865,152.23,106.897,1,-1,-1,-1
14,9,654.786,263.491,161.527,104.16,1,-1,-1,-1
14,8,667.256,371.671,160.598,105.909,1,-1,-1,-1
14,7,446.947,358.397,122.861,154.291,1,-1,-1,-1
14,6,353.419,190.024,149.005,105.73,1,-1,-1,-1
14,4,1291.95,151.661,175.088,96.8873,1,-1,-1,-1
14,3,151.975,209.855,76.9137,88.433,1,-1,-1,-1
14,2,487.757,300.877,147.165,79.8503,1,-1,-1,-1
14,1,612.281,790.221,162.103,83.919,1,-1,-1,-1
15,24,1710.86,206.286,186.591,108.206,1,-1,-1,-1
15,23,1768.94,0.72107,146.138,112.522,1,-1,-1,-1
15,17,94.562,145.25,61.064,74.5711,1,-1,-1,-1
15,16,1549.28,241.263,159.505,102.026,1,-1,-1,-1
15,14,273.549,176.11,107.96,86.2341,1,-1,-1,-1
15,13,828.178,295.306,149.622,111.364,1,-1,-1,-1
15,12,701.29,181.258,146.178,84.5529,1,-1,-1,-1
15,11,173.465,105.89,74.637,80.2055,1,-1,-1,-1
15,9,687.368,259.093,157.954,120.13,1,-1,-1,-1
15,8,671.603,378.263,177.261,108.137,1,-1,-1,-1
15,7,440.616,353.906,123.035,157.212,1,-1,-1,-1
15,6,368.589,207.524,133.227,95.2684,1,-1,-1,-1
15,3,155.87,185.42,73.1154,97.1316,1,-1,-1,-1
15,2,503.24,273.405,129.15,100.616,1,-1,-1,-1
15,1,583.461,760.517,166.751,116.292,1,-1,-1,-1
16,24,1684.78,201.15,196.978,106.351,1,-1,-1,-1
16,23,1721.51,1.44887,192.816,119.768,1,-1,-1,-1
16,17,75.8022,159.612,65.1682,97.5736,1,-1,-1,-1
16,16,1559.34,274.917,190.637,93.7798,1,-1,-1,-1
16,14,267.395,182.223,124.557,103.863,1,-1,-1,-1
16,13,832.06,296.772,138.9,100.923,1,-1,-1,-1
16,12,718.186,173.683,124.165,91.2271,1,-1,-1,-1
16,11,174.69,105.869,122.872,83.0036,1,-1,-1,-1
16,10,1099.72,223.324,178.206,120.861,1,-1,-1,-1
16,8,672.723,375.927,180.449,121.623,1,-1,-1,-1
16,7,439.897,379.849,126.575,128.303,1,-1,-1,-1
16,6,389.603,215.093,118.483,98.5675,1,-1,-1,-1
16,4,1382.67,139.648,164.38,99.4837,1,-1,-1,-1
16,3,147.925,208.156,71.6902,86.4633,1,-1,-1,-1
16,2,502.666,284.189,127.179,103.143,1,-1,-1,-1
17,25,227.959,109.571,75.8636,73.043,1,-1,-1,-1
17,23,1718.49,0.75594,184.159,110.915,1,-1,-1,-1
17,22,164.326,93.1288,78.6164,85.8523,1,-1,-1,-1
17,18,96.0785,2.34898,83.3834,86.8506,1,-1,-1,-1
17,17,68.0978,161.19,81.5502,90.9202,1,-1,-1,-1
17,16,1549.19,251.631,226.939,132.781,1,-1,-1,-1
17,14,270.288,190.969,125.161,90.1042,1,-1,-1,-1
17,13,839.771,314.625,142.641,92.4181,1,-1,-1,-1
17,12,748.525,191.799,141.338,72.7866,1,-1,-1,-1
17,11,165.926,102.635,134.103,81.4105,1,-1,-1,-1
17,10,1123.31,222.62,151.112,111.415,1,-1,-1,-1
17,9,704.851,273.124,176.209,128.947,1,-1,-1,-1
17,8,723.991,388.368,164.86,112.041,1,-1,-1,-1
17,7,438.395,367.662,122.152,139.748,1,-1,-1,-1
17,6,396.317,209.331,121.251,114.948,1,-1,-1,-1
17,4,1393.54,119.244,178.916,106.101,1,-1,-1,-1
17,3,136.902,193.897,93.2447,116.884,1,-1,-1,-1
17,2,514.395,290.945,143.472,87.6857,1,-1,-1,-1
17,1,565.101,723.094,136.693,124.501,1,-1,-1,-1
18,26,1816.03,14.2613,88.4377,101.193,1,-1,-1,-1
18,25,230.104,133.966,87.9193,61.0446,1,-1,-1,-1
18,24,1618.58,196.029,201.511,101.135,1,-1,-1,-1
18,23,1676.3,1.73253,207.106,106.375,1,-1,-1,-1
18,22,158.681,103.97,92.9383,73.8929,1,-1,-1,-1
18,18,95.6665,4.30462,79.5171,113.328,1,-1,-1,-1
18,17,70.0947,162.473,85.2058,91.1122,1,-1,-1,-1
18,16,1551.42,273.614,219.497,105.117,1,-1,-1,-1
18,14,263.257,187.757,131.207,88.8631,1,-1,-1,-1
18,10,1135.46,206.431,160.495,120.233,1,-1,-1,-1
18,9,725.779,273.047,165.467,104.112,1,-1,-1,-1
18,8,726.651,385.239,166.663,109.954,1,-1,-1,-1
18,7,432.57,379.942,122.446,132.528,1,-1,-1,-1
18,6,393.189,215.262,143.892,120.48,1,-1,-1,-1
18,4,1387.94,127.13,166.244,114.927,1,-1,-1,-1
18,3,144.813,184.42,89.9367,109.013,1,-1,-1,-1
18,2,550.335,309.278,137.195,85.5677,1,-1,-1,-1
18,1,558.214,696.149,130.348,140.298,1,-1,-1,-1
19,24,1623.11,192.213,208.542,99.6528,1,-1,-1,-1
19,22,162.388,104.765,87.4185,74.9626,1,-1,-1,-1
19,18,97.2588,9.15928,71.7712,110.849,1,-1,-1,-1
19,17,68.6889,165.762,90.239,95.7698,1,-1,-1,-1
19,16,1552.16,270.871,210.863,108.431,1,-1,-1,-1
19,14,270.173,193.815,112.487,84.4578,1,-1,-1,-1
19,13,898.226,303,132.612,90.5154,1,-1,-1,-1
19,12,819.557,178.441,147.259,68.4861,1,-1,-1,-1
19,10,1178.2,216.229,134.622,66.0789,1,-1,-1,-1
19,9,750.011,266.502,151.626,105.968,1,-1,-1,-1
19,8,738.003,386.159,162.419,110.751,1,-1,-1,-1
19,7,442.664,380.426,89.2441,96.2238,1,-1,-1,-1
19,6,399.564,222.75,142.84,135.95,1,-1,-1,-1
19,4,1405.15,153.395,155.597,66.2148,1,-1,-1,-1
19,3,141.747,202.442,88.0011,88.538,1,-1,-1,-1
19,2,617.134,323.859,86.7226,75.0751,1,-1,-1,-1
19,1,559.843,667.051,117.721,151.207,1,-1,-1,-1
20,24,1620.76,189.903,208.875,98.4571,1,-1,-1,-1
20,22,161.543,102.037,79.1949,70.3761,1,-1,-1,-1
20,18,98.9556,11.0975,74.1258,111.432,1,-1,-1,-1
20,17,70.9639,167.645,84.9869,86.0579,1,-1,-1,-1
20,16,1557.65,272.655,211.847,107.367,1,-1,-1,-1
20,14,266.566,195.93,115.344,95.0469,1,-1,-1,-1
20,13,907.144,283.328,142.422,96.9531,1,-1,-1,-1
20,12,842.446,160.255,145.794,104.889,1,-1,-1,-1
20,10,1210.93,208.792,152.935,66.5402,1,-1,-1,-1
20,9,760.069,254.054,157.603,116.91,1,-1,-1,-1
20,8,745.634,397.176,165.509,110.668,1,-1,-1,-1
20,7,445.931,368.063,120.671,101.631,1,-1,-1,-1
20,3,144.517,193.342,98.0205,94.9151,1,-1,-1,-1
20,2,569.715,289.267,148.116,124.752,1,-1,-1,-1
20,1,549.937,645.346,120.099,167.438,1,-1,-1,-1
21,27,296.832,162.881,121.576,70.0749,1,-1,-1,-1
21,24,1635.13,188.281,198.834,92.8566,1,-1,-1,-1
21,23,1607.58,30.829,193.17,76.8934,1,-1,-1,-1
21,22,160.546,94.3872,84.5486,78.7777,1,-1,-1,-1
21,17,82.7139,166.156,80.4093,85.7054,1,-1,-1,-1
21,16,1571.93,272.721,206.617,114.015,1,-1,-1,-1
21,14,275.387,203.686,119.337,98.8999,1,-1,-1,-1
21,13,929.509,291.066,136.439,86.8916,1,-1,-1,-1
21,12,853.322,162.32,144.597,99.424,1,-1,-1,-1
21,10,1236.31,199.21,149.328,88.7576,1,-1,-1,-1
21,9,778.153,247.997,156.753,105.995,1,-1,-1,-1
21,8,758.161,394.999,158.75,113.673,1,-1,-1,-1
21,7,441.979,343.483,171.298,141.145,1,-1,-1,-1
21,6,454.295,262.841,128.641,109.13,1,-1,-1,-1
21,4,1467.22,141.76,168.732,109.289,1,-1,-1,-1
21,3,147.125,190.323,108.969,97.2962,1,-1,-1,-1
21,2,572.223,287.172,128.295,119.893,1,-1,-1,-1
21,1,530.615,632.744,137.341,186.152,1,-1,-1,-1
22,28,1756.92,368.472,125.472,95.1406,1,-1,-1,-1
22,27,320.455,182.628,103.062,68.2263,1,-1,-1,-1
22,24,1636.05,184.664,208.938,97.3809,1,-1,-1,-1
22,23,1578.24,15.0374,196.404,125.08,1,-1,-1,-1
22,17,99.6479,172.218,131.855,84.3284,1,-1,-1,-1
22,16,1574.27,271.219,203.306,116.566,1,-1,-1,-1
22,14,292.964,219.891,102.059,84.726,1,-1,-1,-1
22,13,941.268,287.563,152.477,105.677,1,-1,-1,-1
22,12,892.3,183.223,142.42,77.5556,1,-1,-1,-1
22,10,1275.81,184.423,158.819,76.1278,1,-1,-1,-1
22,9,790.61,249.291,153.975,104.971,1,-1,-1,-1
22,8,774.687,394.219,165.58,117.205,1,-1,-1,-1
22,7,443.669,349.82,157.463,124.046,1,-1,-1,-1
22,6,459.681,269.033,133.381,97.442,1,-1,-1,-1
22,4,1477.81,165.892,150.262,86.5094,1,-1,-1,-1
22,3,166.147,227.683,114.013,91.7098,1,-1,-1,-1
22,2,585.293,292.25,133.891,72.9859,1,-1,-1,-1
22,1,532.784,647.145,139.438,176.831,1,-1,-1,-1
23,24,1635.23,186.943,217.517,124.717,1,-1,-1,-1
23,23,1577.35,18.3555,196.069,107.554,1,-1,-1,-1
23,22,140.729,79.9411,120.436,89.9921,1,-1,-1,-1
23,17,98.641,163.571,135.223,89.95,1,-1,-1,-1
23,16,1595.19,302.766,191.254,104.088,1,-1,-1,-1
23,14,305.771,216.838,115.745,96.6242,1,-1,-1,-1
23,13,961.755,280.654,144.196,86.7915,1,-1,-1,-1
23,12,914.074,198.931,153.403,69.8376,1,-1,-1,-1
23,10,1283.36,175.112,178.351,89.2729,1,-1,-1,-1
23,9,799.721,255.613,164.738,108.535,1,-1,-1,-1
23,8,798.516,403.12,149.356,88.6485,1,-1,-1,-1
23,7,458.657,358.813,137.646,91.2084,1,-1,-1,-1
23,6,457.774,267.407,143.484,118.053,1,-1,-1,-1
23,4,1460.52,169.91,164.33,117.908,1,-1,-1,-1
23,3,173.667,231.99,121.13,93.4971,1,-1,-1,-1
23,1,516.721,653.167,147.47,122.917,1,-1,-1,-1
24,30,1771.99,197.155,82.4354,69.1954,1,-1,-1,-1
24,29,703.074,307.161,106.261,74.1278,1,-1,-1,-1
24,24,1660.34,200.029,120.557,87.8996,1,-1,-1,-1
24,22,147.628,81.2707,118.065,85.3558,1,-1,-1,-1
24,17,100.55,169.749,142.14,88.1028,1,-1,-1,-1
24,16,1610.76,318.102,204.905,108.822,1,-1,-1,-1
24,14,320.025,228.953,113.452,92.0913,1,-1,-1,-1
24,13,977.301,274.675,151.099,104.311,1,-1,-1,-1
24,12,963.429,188.895,155.859,92.1733,1,-1,-1,-1
24,10,1291.78,167.207,173.918,98.5709,1,-1,-1,-1
24,9,824.694,253.819,182.11,98.7687,1,-1,-1,-1
24,8,811.487,400.299,156.196,97.899,1,-1,-1,-1
24,7,462.613,359.744,152.438,105.297,1,-1,-1,-1
24,6,461.707,266.108,144.845,115.716,1,-1,-1,-1
24,4,1475.44,186.544,166.28,106.402,1,-1,-1,-1
24,3,197.062,243.026,115.172,87.9886,1,-1,-1,-1
24,1,524.406,642.284,137.406,126.242,1,-1,-1,-1
25,27,371.857,192.833,111.163,82.9702,1,-1,-1,-1
25,24,1646.69,222.284,192.621,113.428,1,-1,-1,-1
25,22,179.943,85.5356,97.0217,80.6786,1,-1,-1,-1
25,17,104.057,167.352,149.042,91.3498,1,-1,-1,-1
25,16,1611.67,316.923,240.658,126.094,1,-1,-1,-1
25,14,345.787,245.221,99.0618,90.2109,1,-1,-1,-1
25,13,1014.75,291.318,140.572,81.1848,1,-1,-1,-1
25,12,998.969,198.144,147.508,79.4917,1,-1,-1,-1
25,10,1290.59,166.569,177.614,107.046,1,-1,-1,-1
25,9,841.606,246.439,165.842,104.359,1,-1,-1,-1
25,8,822.595,376.403,165.186,128.477,1,-1,-1,-1
25,7,482.153,359.129,143.655,96.4864,1,-1,-1,-1
25,6,475.248,275.564,148.168,92.0393,1,-1,-1,-1
25,4,1484.38,188.855,163.814,126.611,1,-1,-1,-1
25,3,207.027,254.837,112.329,102.191,1,-1,-1,-1
25,2,649.229,309.683,160.992,96.4643,1,-1,-1,-1
25,1,517.302,593.546,146.71,206.491,1,-1,-1,-1
26,31,9.04799,0.95526,67.2045,45.2843,1,-1,-1,-1
26,27,384.763,211.151,101.161,69.4182,1,-1,-1,-1
26,24,1636.68,229.34,204.936,104.096,1,-1,-1,-1
26,23,1452.48,34.1856,199.979,90.0424,1,-1,-1,-1
26,22,170.861,79.6668,111.203,90.7071,1,-1,-1,-1
26,17,118.715,184.054,87.805,79.8417,1,-1,-1,-1
26,16,1613.35,325.054,196.02,87.297,1,-1,-1,-1
26,14,352.497,261.141,115.806,87.805,1,-1,-1,-1
26,13,1033.74,291.256,156.058,103.626,1,-1,-1,-1
26,12,1022.08,188.825,155.746,89.343,1,-1,-1,-1
26,11,193.756,178.382,92.5194,68.6266,1,-1,-1,-1
26,10,1289.88,170.816,177.356,108.075,1,-1,-1,-1
26,9,861.472,249.771,164.044,104.008,1,-1,-1,-1
26,8,854.241,388.341,160.443,87.3532,1,-1,-1,-1
26,7,502.634,366.088,142.058,93.2473,1,-1,-1,-1
26,6,508.506,284.383,137.244,80.0566,1,-1,-1,-1
26,4,1476.68,198.906,160.495,125.375,1,-1,-1,-1
26,3,225.141,285.053,119.808,107.671,1,-1,-1,-1
26,2,683.115,320.197,142.605,81.9095,1,-1,-1,-1
26,1,525.174,622.171,138.467,177.914,1,-1,-1,-1
27,31,7.86942,0.853342,66.2227,48.6396,1,-1,-1,-1
27,27,355.36,198.792,118.473,74.2105,1,-1,-1,-1
27,24,1639.19,232.401,205.523,106.978,1,-1,-1,-1
27,23,1465.26,36.322,182.543,85.9397,1,-1,-1,-1
27,22,162.782,76.5345,130.096,94.5066,1,-1,-1,-1
27,17,122.657,172.32,86.516,89.866,1,-1,-1,-1
27,16,1652.37,330.126,185.159,69.8886,1,-1,-1,-1
27,14,384.347,275.572,110.253,94.4008,1,-1,-1,-1
27,13,1045.34,290.567,160.581,107.357,1,-1,-1,-1
27,12,1069.41,182.605,157.736,66.8158,1,-1,-1,-1
27,11,196.087,178.894,102.998,84.1954,1,-1,-1,-1
27,10,1294.15,178.018,172.958,116.619,1,-1,-1,-1
27,9,884.213,263.366,159.936,93.6813,1,-1,-1,-1
27,8,854.242,370.495,169.886,133.569,1,-1,-1,-1
27,7,517.599,363.502,142.344,99.1219,1,-1,-1,-1
27,6,519.465,278.587,144.665,92.9321,1,-1,-1,-1
27,4,1483.67,193.863,156.672,143.738,1,-1,-1,-1
27,3,244.069,291.796,115.363,106.134,1,-1,-1,-1
27,2,717.509,304.526,140.198,97.0482,1,-1,-1,-1
27,1,540.288,622.198,123.141,150.608,1,-1,-1,-1
28,31,6.8234,0.816021,69.0052,50.5066,1,-1,-1,-1
28,27,371.479,195.399,96.1833,73.8691,1,-1,-1,-1
28,24,1637.96,236.147,199.469,108.58,1,-1,-1,-1
28,22,166.096,88.5344,125.245,86.8342,1,-1,-1,-1
28,17,126.592,175.315,87.1635,82.1287,1,-1,-1,-1
28,16,1668.5,328.004,174.988,73.4639,1,-1,-1,-1
28,14,390.892,281.696,110.018,89.5716,1,-1,-1,-1
28,13,1074.74,287.635,149,79.4716,1,-1,-1,-1
28,12,1103.16,150.821,196.967,92.339,1,-1,-1,-1
28,11,202.229,186.968,97.8536,76.2156,1,-1,-1,-1
28,10,1303.9,187.012,170.945,109.493,1,-1,-1,-1
28,9,893.86,245.073,163.836,103.247,1,-1,-1,-1
28,8,860.592,375.192,161.94,118.795,1,-1,-1,-1
28,7,528.964,366.427,150.173,95.7954,1,-1,-1,-1
28,6,525.406,280.801,151.741,93.3698,1,-1,-1,-1
28,4,1493.89,219.151,132.932,138.517,1,-1,-1,-1
28,3,257.603,303.111,114.724,99.1366,1,-1,-1,-1
28,2,764.095,314.374,120.41,64.6418,1,-1,-1,-1
28,1,550.478,611.275,110.856,163.379,1,-1,-1,-1
29,27,377.183,206.033,113.627,75.7089,1,-1,-1,-1
29,24,1650.23,248.184,169.739,103.873,1,-1,-1,-1
29,22,155.787,92.7265,137.053,88.3528,1,-1,-1,-1
29,17,125.441,178.881,92.058,90.5422,1,-1,-1,-1
29,16,1698.45,324.72,160.247,72.497,1,-1,-1,-1
29,14,412.891,298.08,126.732,105.454,1,-1,-1,-1
29,13,1103.98,278.178,152.341,87.043,1,-1,-1,-1
29,12,1142.95,139.144,170.919,93.2616,1,-1,-1,-1
29,11,213.758,190.159,107.329,79.2781,1,-1,-1,-1
29,10,1321.45,201.338,149.522,67.9697,1,-1,-1,-1
29,9,919.761,270.97,176.879,83.2037,1,-1,-1,-1
29,8,849.094,381.548,171.347,128.157,1,-1,-1,-1
29,7,548.018,367.638,157.13,81.42,1,-1,-1,-1
29,6,541.576,291.133,151.831,81.0221,1,-1,-1,-1
29,4,1501.4,244.42,331.872,147.362,1,-1,-1,-1
29,3,264.622,315.866,123.609,101.673,1,-1,-1,-1
29,2,779.43,290.63,154.317,115.423,1,-1,-1,-1
29,1,555.981,610.188,118.139,165.527,1,-1,-1,-1
30,27,383.669,210.495,98.2316,75.5663,1,-1,-1,-1
30,22,219.975,110.798,90.2922,93.088,1,-1,-1,-1
30,17,127.505,185.755,80.5305,77.5408,1,-1,-1,-1
30,16,1719.71,311.319,163.634,94.4666,1,-1,-1,-1
30,14,440.582,318.762,126.011,77.1946,1,-1,-1,-1
30,13,1117.87,271.246,153.666,111.752,1,-1,-1,-1
30,12,1186.12,156.513,163.682,70.8524,1,-1,-1,-1
30,11,220.1,197.487,107.493,81.4218,1,-1,-1,-1
30,10,1333.39,216.319,156.379,51.5417,1,-1,-1,-1
30,9,947.882,270.055,166.038,102.513,1,-1,-1,-1
30,8,849.082,384.417,171.491,129.807,1,-1,-1,-1
30,7,583.497,369.377,138.488,82.7841,1,-1,-1,-1
30,6,564.499,299.969,157.963,82.5974,1,-1,-1,-1
30,4,1512.67,252.978,267.508,151.024,1,-1,-1,-1
30,3,287.244,332.519,110.488,102.811,1,-1,-1,-1
30,2,781.69,287.873,155.831,107.963,1,-1,-1,-1
30,1,561.649,614.519,107.795,162.749,1,-1,-1,-1
31,27,376.949,213.011,103.156,79.7114,1,-1,-1,-1
31,24,1656.42,250.406,125.013,97.1931,1,-1,-1,-1
31,22,224.93,122.157,108.82,89.6148,1,-1,-1,-1
31,18,24.6292,31.3242,111.341,106.702,1,-1,-1,-1
31,17,119.239,187.015,93.2637,94.9063,1,-1,-1,-1
31,16,1703.12,318.804,198.245,101.761,1,-1,-1,-1
31,14,449.584,303.395,149.728,120.16,1,-1,-1,-1
31,12,1220.73,145.227,167.589,91.6635,1,-1,-1,-1
31,11,241.879,200.451,108.15,71.7252,1,-1,-1,-1
31,10,1347.28,191.325,170.125,105.972,1,-1,-1,-1
31,9,984.254,258.374,173.565,78.6605,1,-1,-1,-1
31,8,882.112,417.837,146.776,83.7368,1,-1,-1,-1
31,7,597.532,375.809,165.841,91.2094,1,-1,-1,-1
31,4,1522.07,279.648,155.084,144.139,1,-1,-1,-1
31,3,293.674,348.899,121.086,106.3,1,-1,-1,-1
31,2,798.083,316.275,137.025,79.9115,1,-1,-1,-1
31,1,566.56,613.713,106.701,157.542,1,-1,-1,-1
32,32,1247.63,0.145756,165.526,65.5622,1,-1,-1,-1
32,27,384.011,212.148,90.144,78.4356,1,-1,-1,-1
32,22,238.201,123.779,122.136,98.7247,1,-1,-1,-1
32,18,31.4776,47.0992,121.366,96.2267,1,-1,-1,-1
32,17,129.693,184.953,93.8121,101.631,1,-1,-1,-1
32,16,1723.56,328.455,191.61,97.2985,1,-1,-1,-1
32,14,458.835,306.153,135.539,100.394,1,-1,-1,-1
32,13,1172.81,289.376,162.135,82.6658,1,-1,-1,-1
32,12,1248.4,142.463,167.884,76.3888,1,-1,-1,-1
32,11,258.081,209.975,108.594,79.6931,1,-1,-1,-1
32,10,1365.51,216.835,151.642,68.4326,1,-1,-1,-1
32,9,1008.04,253.642,173.952,103.743,1,-1,-1,-1
32,8,896.511,414.102,163.54,107.736,1,-1,-1,-1
32,7,628.44,369.672,147.211,84.4785,1,-1,-1,-1
32,6,609.82,290.86,159.027,102.086,1,-1,-1,-1
32,4,1523.89,268.952,213.486,167.209,1,-1,-1,-1
32,3,297.678,346.497,120.078,114.638,1,-1,-1,-1
32,2,836.845,302.241,151.832,84.5004,1,-1,-1,-1
32,1,573.988,607.813,133.634,152.407,1,-1,-1,-1
33,32,1214.44,0.685034,152.695,54.8008,1,-1,-1,-1
33,27,410.397,229.919,79.0924,73.706,1,-1,-1,-1
33,22,249.53,135.817,107.322,93.2607,1,-1,-1,-1
33,17,130.826,178.616,91.1267,108.06,1,-1,-1,-1
33,16,1728.41,322.944,189.131,103.32,1,-1,-1,-1
33,14,477.613,319.819,143.917,88.8519,1,-1,-1,-1
33,13,1194.71,282.801,157.017,74.3902,1,-1,-1,-1
33,12,1275.49,132.398,183.874,73.6675,1,-1,-1,-1
33,11,282.889,205.4,104.544,80.8469,1,-1,-1,-1
33,10,1384.3,226.1,161.906,68.5042,1,-1,-1,-1
33,9,1030.04,246.457,184.458,97.4879,1,-1,-1,-1
33,8,900.136,415.762,174.639,87.9317,1,-1,-1,-1
33,7,649.374,364.15,175.157,102.903,1,-1,-1,-1
33,4,1538.09,277.394,190.768,167.103,1,-1,-1,-1
33,3,315.732,357.496,121.349,106.286,1,-1,-1,-1
33,2,840.203,292.187,163.346,91.6187,1,-1,-1,-1
33,1,587.999,603.664,132.364,149.889,1,-1,-1,-1
34,32,1197.99,0.553593,145.854,55.0522,1,-1,-1,-1
34,27,417.237,235.844,97.8261,94.0503,1,-1,-1,-1
34,22,248.923,134.993,102.365,89.4457,1,-1,-1,-1
34,17,142.696,180.327,83.008,84.9508,1,-1,-1,-1
34,16,1740.36,332.377,167.67,97.4398,1,-1,-1,-1
34,14,496.351,326.201,140.922,84.9326,1,-1,-1,-1
34,13,1225.4,279.033,158.618,83.4406,1,-1,-1,-1
34,12,1308.9,124.793,186.107,87.0463,1,-1,-1,-1
34,11,284.127,218.138,111.347,88.1529,1,-1,-1,-1
34,10,1400.46,221.614,162.8,80.4936,1,-1,-1,-1
34,9,1064.7,233.62,176.463,105.586,1,-1,-1,-1
34,8,945.84,417.796,161.26,93.2305,1,-1,-1,-1
34,7,690.273,367.983,145.674,78.4516,1,-1,-1,-1
34,6,653.937,305.454,186.231,86.109,1,-1,-1,-1
34,4,1537.75,288.774,167.192,159.466,1,-1,-1,-1
34,3,325.342,360.109,123.779,106.838,1,-1,-1,-1
34,2,862.158,296.21,147.759,78.5425,1,-1,-1,-1
34,1,602.072,609.406,120.548,139.581,1,-1,-1,-1
35,33,118.627,100.533,114.966,81.7099,1,-1,-1,-1
35,32,1149.64,2.62193,156.451,63.1383,1,-1,-1,-1
35,31,15.9748,1.06522,78.5722,62.4537,1,-1,-1,-1
35,27,426.213,241.124,110.545,98.8678,1,-1,-1,-1
35,22,248.859,139.784,103.503,92.6663,1,-1,-1,-1
35,17,137.301,167.393,94.7586,89.8785,1,-1,-1,-1
35,16,1764.62,338.636,153.452,70.8118,1,-1,-1,-1
35,14,523.345,330.727,133.385,80.7638,1,-1,-1,-1
35,13,1247.19,271.952,162.797,108.821,1,-1,-1,-1
35,12,1344.92,121.915,190.684,63.2942,1,-1,-1,-1
35,11,288.43,224.026,119.94,95.9652,1,-1,-1,-1
35,10,1422.75,231.184,181.804,80.8431,1,-1,-1,-1
35,9,1096.47,223.095,172.887,97.9262,1,-1,-1,-1
35,8,958.333,397.113,171.399,123.627,1,-1,-1,-1
35,7,709.64,382.07,147.622,84.3162,1,-1,-1,-1
35,6,669.746,293.195,174.497,99.8327,1,-1,-1,-1
35,4,1521.26,306.911,186.296,148.201,1,-1,-1,-1
35,3,335.658,363.692,160.839,121.839,1,-1,-1,-1
35,2,881.712,303.977,160.481,97.3019,1,-1,-1,-1
35,1,605.265,615.232,121.333,132.941,1,-1,-1,-1
36,32,1106.17,4.29919,170.828,84.8801,1,-1,-1,-1
36,31,17.4967,5.29981,80.5961,104.59,1,-1,-1,-1
36,27,455.442,264.303,109.091,100.91,1,-1,-1,-1
36,22,251.62,146.526,105.055,96.4166,1,-1,-1,-1
36,17,136.273,120.591,103.813,131.073,1,-1,-1,-1
36,14,530.478,334.389,163.55,103.559,1,-1,-1,-1
36,12,1398.31,111.611,177.227,68.8014,1,-1,-1,-1
36,11,306.835,242.265,112.054,103.86,1,-1,-1,-1
36,10,1432.58,218.807,180.024,102.433,1,-1,-1,-1
36,9,1115.33,232.673,193.781,109.435,1,-1,-1,-1
36,8,985.81,403.699,164.023,90.8584,1,-1,-1,-1
36,7,740.343,377.175,151.33,90.7737,1,-1,-1,-1
36,6,707.462,292.818,154.485,88.3165,1,-1,-1,-1
36,4,1495.53,337.398,218.684,121.421,1,-1,-1,-1
36,3,372.216,388.14,120.87,99.2409,1,-1,-1,-1
36,2,898.577,292.25,163.488,100.996,1,-1,-1,-1
36,1,611.326,607.224,148.049,146.378,1,-1,-1,-1
37,32,1097.12,3.58628,152.617,103.83,1,-1,-1,-1
37,27,469.966,288.76,106.584,92.7971,1,-1,-1,-1
37,22,256.84,156.164,109.885,103.023,1,-1,-1,-1
37,18,16.5132,19.3908,114.951,134.554,1,-1,-1,-1
37,17,142.265,133.887,100.545,126.73,1,-1,-1,-1
37,14,554.483,338.813,150.671,107.681,1,-1,-1,-1
37,13,1285.34,277.899,180.141,106.73,1,-1,-1,-1
37,12,1434.53,102.896,189.34,75.1414,1,-1,-1,-1
37,11,316.129,258.745,106.402,101.8,1,-1,-1,-1
37,10,1462.12,222.406,168.714,91.2259,1,-1,-1,-1
37,9,1134.82,216.993,186.092,106.512,1,-1,-1,-1
37,8,999.55,405.883,169.438,118.969,1,-1,-1,-1
37,7,765.01,360.113,147.815,118.711,1,-1,-1,-1
37,6,709.813,276.194,163.483,101.965,1,-1,-1,-1
37,4,1446.15,351.189,217.321,95.9065,1,-1,-1,-1
37,3,379.511,389.67,145.722,97.2245,1,-1,-1,-1
37,2,916.851,305.581,144.989,104.461,1,-1,-1,-1
37,1,623.783,600.928,142.011,135.685,1,-1,-1,-1
38,34,1599.27,379.875,160.162,71.3874,1,-1,-1,-1
38,27,476.847,295.738,124.568,90.6183,1,-1,-1,-1
38,22,266.755,173.306,95.7074,87.5974,1,-1,-1,-1
38,18,17.8418,26.1966,105.61,115.924,1,-1,-1,-1
38,17,145.874,133.22,101.562,120.126,1,-1,-1,-1
38,14,577.745,362.421,141.736,84.3454,1,-1,-1,-1
38,13,1286.22,278.533,183.783,99.2285,1,-1,-1,-1
38,12,1454.97,82.8682,188.754,107.553,1,-1,-1,-1
38,11,316.294,280.423,113.14,114.454,1,-1,-1,-1
38,10,1488.53,238.153,166.395,67.1281,1,-1,-1,-1
38,9,1174.79,200.556,180.951,115.026,1,-1,-1,-1
38,8,1023.32,394.053,164.899,103.644,1,-1,-1,-1
38,7,795.257,386.708,131.93,77.4674,1,-1,-1,-1
38,6,739.175,290.011,166.878,91.5454,1,-1,-1,-1
38,4,1396.69,377.573,200.669,93.2935,1,-1,-1,-1
38,3,398.925,398.57,143.717,98.9924,1,-1,-1,-1
38,2,932.64,308.43,152.235,87.7271,1,-1,-1,-1
38,1,639.987,596.133,150.717,134.874,1,-1,-1,-1
39,32,1049.03,23.1062,181.662,102.797,1,-1,-1,-1
39,27,485.157,295.314,123.373,89.407,1,-1,-1,-1
39,22,252.145,181.669,113.173,98.9402,1,-1,-1,-1
39,18,17.7621,45.4834,104.667,105.827,1,-1,-1,-1
39,17,146.673,140.062,108.036,111.58,1,-1,-1,-1
39,14,582.075,356.174,167.546,120.284,1,-1,-1,-1
39,12,1486.85,96.81,178.012,77.147,1,-1,-1,-1
39,11,323.293,283.489,118.57,107.409,1,-1,-1,-1
39,9,1188.87,195.796,192.832,109.634,1,-1,-1,-1
39,8,1047.72,379.467,178.38,134.572,1,-1,-1,-1
39,7,801.479,371.703,148.731,110.665,1,-1,-1,-1
39,6,748.408,275.469,163.6,112.07,1,-1,-1,-1
39,3,412.749,403.76,130.969,90.3374,1,-1,-1,-1
39,2,950.049,318.968,143.27,81.0485,1,-1,-1,-1
39,1,654.769,588.919,155.979,139.364,1,-1,-1,-1
40,35,1295.96,406.274,180.058,105.491,1,-1,-1,-1
40,28,1649.79,387.068,221.897,93.2342,1,-1,-1,-1
40,27,502.402,297.045,137.411,98.3148,1,-1,-1,-1
40,22,258.075,185.168,102.174,107.239,1,-1,-1,-1
40,18,21.9846,55.7936,100.604,101.366,1,-1,-1,-1
40,17,149.267,140.053,115.553,113.289,1,-1,-1,-1
40,14,621.482,364.982,150.653,103.284,1,-1,-1,-1
40,13,1282.98,280.326,170.564,95.1607,1,-1,-1,-1
40,12,1497.84,85.9938,182.296,105.051,1,-1,-1,-1
40,11,348.776,299.622,111.328,102.523,1,-1,-1,-1
40,9,1244.98,198.373,207.839,95.9926,1,-1,-1,-1
40,8,1054.71,369.931,183.705,130.165,1,-1,-1,-1
40,7,820.604,394.652,143.851,84.3198,1,-1,-1,-1
40,6,773.274,281.189,161.61,108.845,1,-1,-1,-1
40,3,435.587,411.418,135.9,77.9124,1,-1,-1,-1
40,2,964.056,288.016,160.014,106.51,1,-1,-1,-1
40,1,661.356,583.399,158.158,157.447,1,-1,-1,-1
41,36,0.899079,1.31192,47.9931,55.8008,1,-1,-1,-1
41,35,1261.92,421.59,188.554,86.1586,1,-1,-1,-1
41,32,1018.98,28.3642,161.839,102.149,1,-1,-1,-1
41,28,1694.48,375.176,179.018,103.307,1,-1,-1,-1
41,27,525.378,298.748,128.005,90.1943,1,-1,-1,-1
41,22,265.972,193.294,110.425,113.555,1,-1,-1,-1
41,18,15.75,59.2081,107.633,101.309,1,-1,-1,-1
41,17,153.095,135.963,133.861,136.069,1,-1,-1,-1
41,14,643.849,379.984,149.275,82.6301,1,-1,-1,-1
41,13,1278.31,260.379,188.949,122.146,1,-1,-1,-1
41,12,1517.07,73.253,205.965,109.576,1,-1,-1,-1
41,11,355.985,302.829,112.54,97.7189,1,-1,-1,-1
41,10,1573.94,251.073,185.004,84.7416,1,-1,-1,-1
41,9,1271.27,179.434,191.681,93.9269,1,-1,-1,-1
41,8,1102.28,374.464,159.886,108.524,1,-1,-1,-1
41,7,841.421,391.651,157.289,87.189,1,-1,-1,-1
41,6,797.225,280.101,152.086,89.0833,1,-1,-1,-1
41,3,442.631,386.707,147.433,111.388,1,-1,-1,-1
41,2,1029.35,316.233,153.707,63.0668,1,-1,-1,-1
41,1,673.609,573.409,190.278,154.059,1,-1,-1,-1
42,35,1222.82,444.877,203.315,99.2411,1,-1,-1,-1
42,32,991.598,45.5683,183.17,127.4,1,-1,-1,-1
42,28,1708.19,396.874,197.785,101.18,1,-1,-1,-1
42,27,555.551,305.588,112.558,80.4271,1,-1,-1,-1
42,22,282.802,216.484,101.099,107.758,1,-1,-1,-1
42,17,178.745,194.334,104.003,82.073,1,-1,-1,-1
42,14,667.083,380.432,147.021,90.1826,1,-1,-1,-1
42,11,376.696,319.229,104.089,105.769,1,-1,-1,-1
42,10,1608.24,270.169,170.755,64.4117,1,-1,-1,-1
42,9,1321.45,177.433,180.225,94.3599,1,-1,-1,-1
42,8,1137.11,362.928,169.616,105.248,1,-1,-1,-1
42,7,864.521,394.954,146.656,89.2178,1,-1,-1,-1
42,3,461.765,398.766,141.309,107.91,1,-1,-1,-1
42,2,1044.18,293.362,175.424,106.48,1,-1,-1,-1
42,1,683.519,572.434,184.072,149.808,1,-1,-1,-1
43,35,1195.14,453.744,192.21,121.787,1,-1,-1,-1
43,32,972.332,59.2299,200.787,117.303,1,-1,-1,-1
43,28,1741.15,393.804,174.671,115.66,1,-1,-1,-1
43,27,567.767,323.074,127.552,91.6122,1,-1,-1,-1
43,22,293.628,223.883,87.7346,130.042,1,-1,-1,-1
43,17,181.088,197.379,125.391,88.0075,1,-1,-1,-1
43,14,688.784,403.481,146.205,65.8311,1,-1,-1,-1
43,13,1327.39,273.136,147.63,91.4302,1,-1,-1,-1
43,11,403.041,345.728,109.605,97.9725,1,-1,-1,-1
43,9,1341.73,166.887,183.273,94.6958,1,-1,-1,-1
43,8,1153.08,348.526,179.219,105.033,1,-1,-1,-1
43,7,896.901,397.806,145.775,91.1819,1,-1,-1,-1
43,6,867.161,275.996,162.642,110.679,1,-1,-1,-1
43,5,162.883,141.152,99.2182,75.5068,1,-1,-1,-1
43,3,481.106,425.86,144.592,108.325,1,-1,-1,-1
43,2,1067.23,283.38,159.26,109.409,1,-1,-1,-1
43,1,686.238,575.866,195.878,148.04,1,-1,-1,-1
44,37,778.669,0.346765,110.172,75.1612,1,-1,-1,-1
44,35,1159.14,503.36,183.497,74.9451,1,-1,-1,-1
44,32,961.561,78.471,175.023,113.332,1,-1,-1,-1
44,28,1750.05,406.719,167.565,108.187,1,-1,-1,-1
44,27,594.035,330.349,116.781,70.2015,1,-1,-1,-1
44,22,278.168,236.977,115.905,136.263,1,-1,-1,-1
44,18,11.5453,39.4829,74.6103,98.5494,1,-1,-1,-1
44,17,182.977,179.264,119.615,111.915,1,-1,-1,-1
44,14,722.779,388.466,135.536,81.8495,1,-1,-1,-1
44,13,1348.02,273.005,170.779,96.3975,1,-1,-1,-1
44,12,1573.6,84.748,197.831,120.556,1,-1,-1,-1
44,11,430.162,360.868,105.085,71.6633,1,-1,-1,-1
44,10,1666.02,277.759,183.165,75.5974,1,-1,-1,-1
44,9,1368.27,176.992,194.825,92.6642,1,-1,-1,-1
44,8,1191.24,376.758,170.502,76.8607,1,-1,-1,-1
44,7,923.78,429.742,142.485,70.5868,1,-1,-1,-1
44,6,902.608,295.958,180.247,92.5447,1,-1,-1,-1
44,3,516.925,445.408,126.319,81.4051,1,-1,-1,-1
44,2,1093.72,295.384,161.311,82.9058,1,-1,-1,-1
44,1,727.06,569.224,146.85,120.578,1,-1,-1,-1
45,38,71.3726,153.81,70.1416,97.5974,1,-1,-1,-1
45,35,1124.38,503.17,180.309,82.7397,1,-1,-1,-1
45,32,940.121,98.7636,155.74,112.641,1,-1,-1,-1
45,28,1715.56,421.044,202.542,99.2209,1,-1,-1,-1
45,27,598.991,326.968,149.479,89.7253,1,-1,-1,-1
45,22,305.322,260.64,106.797,141.972,1,-1,-1,-1
45,18,15.9169,56.7401,84.2241,88.7271,1,-1,-1,-1
45,17,200.666,212.227,114.688,93.9989,1,-1,-1,-1
45,14,756.959,382.537,134.626,77.2409,1,-1,-1,-1
45,13,1388.93,277.041,168.469,85.5127,1,-1,-1,-1
45,12,1629.23,91.5034,174.002,95.4949,1,-1,-1,-1
45,11,436.252,352.016,130.069,88.364,1,-1,-1,-1
45,10,1684.48,266.095,186.969,97.3275,1,-1,-1,-1
45,9,1403.85,162.753,192.192,116.526,1,-1,-1,-1
45,8,1225.5,363.283,185.517,115.397,1,-1,-1,-1
45,7,945.573,424.132,155.669,77.2753,1,-1,-1,-1
45,6,920.839,289.02,158.854,95.3625,1,-1,-1,-1
45,5,169.848,158.024,95.9647,68.9173,1,-1,-1,-1
45,3,532.474,440.944,138.758,82.2088,1,-1,-1,-1
45,2,1107.11,271.551,168.393,100.279,1,-1,-1,-1
45,1,740.557,568.751,152.954,118.898,1,-1,-1,-1
46,38,92.5392,192.409,79.3821,97.9166,1,-1,-1,-1
46,35,1100.23,500.847,178.99,91.1242,1,-1,-1,-1
46,32,904.26,114.369,168.738,140.673,1,-1,-1,-1
46,28,1823.72,425.687,94.3107,83.178,1,-1,-1,-1
46,27,621.988,330.508,135.01,88.0467,1,-1,-1,-1
46,22,310.111,274.294,87.5035,136.67,1,-1,-1,-1
46,18,16.7328,62.6702,94.664,92.7615,1,-1,-1,-1
46,17,200.29,218.566,120.575,105.53,1,-1,-1,-1
46,14,782.767,376.799,148.115,89.4955,1,-1,-1,-1
46,13,1391.66,278.27,173.023,105.467,1,-1,-1,-1
46,12,1649.37,99.8339,177.108,96.7468,1,-1,-1,-1
46,11,465.395,363.399,113.74,87.6469,1,-1,-1,-1
46,10,1686.3,253.829,203.113,118.763,1,-1,-1,-1
46,9,1429.7,169.086,211.534,110.177,1,-1,-1,-1
46,8,1237.78,343.527,178.438,108.804,1,-1,-1,-1
46,7,970.828,421.247,151.303,80.9146,1,-1,-1,-1
46,6,941.506,302.532,170.713,95.7049,1,-1,-1,-1
46,3,550.609,439.1,153.505,97.8279,1,-1,-1,-1
46,2,1135.9,298.77,160.545,67.6699,1,-1,-1,-1
46,1,747.873,572.106,176.228,143.326,1,-1,-1,-1
47,38,89.3784,197.901,88.2104,90.4623,1,-1,-1,-1
47,36,1.51056,1.99326,54.2617,63.6591,1,-1,-1,-1
47,35,1046.2,523.699,198.886,69.0334,1,-1,-1,-1
47,32,905.504,116.664,169.198,129.227,1,-1,-1,-1
47,27,650.432,341.67,125.775,63.8883,1,-1,-1,-1
47,22,296.866,295.56,121.666,145.382,1,-1,-1,-1
47,18,17.1011,70.7209,97.2096,93.2316,1,-1,-1,-1
47,17,210.074,218.931,101.243,106.137,1,-1,-1,-1
47,14,800.66,375.034,143.22,81.899,1,-1,-1,-1
47,12,1656.8,102.933,183.128,103.707,1,-1,-1,-1
47,11,468.965,374.202,129.265,95.6378,1,-1,-1,-1
47,10,1707.18,265.579,194.111,104.499,1,-1,-1,-1
47,9,1472,162.468,190.277,128.422,1,-1,-1,-1
47,8,1243.12,357.203,175.981,95.5287,1,-1,-1,-1
47,7,1011.33,426.73,139.205,62.0927,1,-1,-1,-1
47,6,980.134,307.661,156.392,86.6702,1,-1,-1,-1
47,5,170.058,165.754,80.0945,68.0908,1,-1,-1,-1
47,3,569.566,468.893,157.758,73.0627,1,-1,-1,-1
47,2,1148.35,283.543,140.289,85.0166,1,-1,-1,-1
47,1,754.862,566.907,178.902,142.583,1,-1,-1,-1
48,39,230.319,177.582,67.5906,73.4371,1,-1,-1,-1
48,38,94.3483,212.822,89.7237,71.5125,1,-1,-1,-1
48,36,1.18969,5.60643,53.6326,67.3505,1,-1,-1,-1
48,35,1043.66,525.034,171.16,87.9503,1,-1,-1,-1
48,32,906.361,146.381,119.613,111.576,1,-1,-1,-1
48,27,668.934,349.519,133.202,67.3779,1,-1,-1,-1
48,22,312.158,310.117,110.065,142.203,1,-1,-1,-1
48,18,27.5999,80.2912,82.4348,97.1162,1,-1,-1,-1
48,17,216.313,243.257,101.922,99.1845,1,-1,-1,-1
48,14,820.875,371.85,144.573,88.0542,1,-1,-1,-1
48,13,1437.54,296.602,167.421,87.03,1,-1,-1,-1
48,12,1673.83,112.566,185.299,113.874,1,-1,-1,-1
48,11,493.543,379.06,108.46,70.4075,1,-1,-1,-1
48,10,1743.57,288.852,174.709,74.2307,1,-1,-1,-1
48,9,1492.34,183.793,186.929,121.868,1,-1,-1,-1
48,8,1251.77,359.721,178.608,89.4028,1,-1,-1,-1
48,7,1030.22,424.981,152.331,65.9687,1,-1,-1,-1
48,6,991.519,307.083,159.86,83.1319,1,-1,-1,-1
48,5,175.255,168.536,64.4574,59.5095,1,-1,-1,-1
48,3,600.735,474.056,155.82,73.9055,1,-1,-1,-1
48,2,1217.52,262.212,159.172,74.4335,1,-1,-1,-1
48,1,759.996,559.271,179.877,131.057,1,-1,-1,-1
49,40,878.874,186.23,105.778,78.8695,1,-1,-1,-1
49,39,215.167,178.014,101.062,82.3856,1,-1,-1,-1
49,38,85.2072,216.406,95.5258,76.4639,1,-1,-1,-1
49,36,1.28025,5.52749,57.5827,74.2383,1,-1,-1,-1
49,35,1007.04,526.235,173.43,74.2595,1,-1,-1,-1
49,32,876.878,141.493,170.112,127.815,1,-1,-1,-1
49,27,700.674,350.896,139.266,71.145,1,-1,-1,-1
49,22,311.046,323.114,132.667,156.836,1,-1,-1,-1
49,18,21.7279,82.256,91.2234,104.949,1,-1,-1,-1
49,17,213.916,246.973,112.126,95.4116,1,-1,-1,-1
49,14,838.124,360.951,149.261,87.0751,1,-1,-1,-1
49,12,1686,118.176,191.24,123.57,1,-1,-1,-1
49,11,503.777,375.475,147.883,108.201,1,-1,-1,-1
49,10,1771.82,294.539,145.268,66.1449,1,-1,-1,-1
49,9,1496.24,171.75,213.35,156.744,1,-1,-1,-1
49,8,1266.74,365.705,184.646,94.3103,1,-1,-1,-1
49,7,1065.31,425.692,150.853,65.3264,1,-1,-1,-1
49,6,1008.16,295.682,166.186,98.3275,1,-1,-1,-1
49,3,629.086,471.706,151.065,85.5199,1,-1,-1,-1
49,2,1266.29,233.125,193.033,96.6321,1,-1,-1,-1
49,1,756.396,555.547,174.66,132.29,1,-1,-1,-1
50,40,846.3,190.037,131.932,93.2792,1,-1,-1,-1
50,39,230.963,193.709,93.2143,73.4429,1,-1,-1,-1
50,38,109.758,234.39,85.4001,74.0264,1,-1,-1,-1
50,36,1.26213,8.17299,54.2736,76.666,1,-1,-1,-1
50,35,976.561,540.745,180.544,69.1943,1,-1,-1,-1
50,27,710.683,340.129,144.726,86.8626,1,-1,-1,-1
50,22,318.872,342.007,128.948,137.103,1,-1,-1,-1
50,17,237.733,256.706,114.257,87.572,1,-1,-1,-1
50,14,861.835,341.431,151.855,92.7437,1,-1,-1,-1
50,13,1463.57,316.158,154.39,82.7314,1,-1,-1,-1
50,12,1690.3,121.738,176.792,122.772,1,-1,-1,-1
50,11,526.099,384.619,132.908,90.2063,1,-1,-1,-1
50,10,1802.88,308.477,114.55,58.1068,1,-1,-1,-1
50,9,1529.51,196.477,187.229,133.843,1,-1,-1,-1
50,8,1284.84,366.703,181.642,93.804,1,-1,-1,-1
50,7,1083.57,402.58,148.484,91.1721,1,-1,-1,-1
50,6,1038.93,303.627,171.233,84.9277,1,-1,-1,-1
50,5,174.903,166.322,75.7025,60.5723,1,-1,-1,-1
50,3,647.069,463.345,170.426,92.8176,1,-1,-1,-1
50,2,1281.42,234.697,171.755,85.9771,1,-1,-1,-1
50,1,759.296,548.636,176.886,146.724,1,-1,-1,-1
51,40,803.401,214.975,153.434,81.2751,1,-1,-1,-1
51,39,228.548,192.694,100.604,80.7448,1,-1,-1,-1
51,38,104.594,236.074,85.241,81.7501,1,-1,-1,-1
51,35,943.741,535.701,169.558,80.5642,1,-1,-1,-1
51,27,716.433,352.423,139.807,78.6452,1,-1,-1,-1
51,22,335.218,354.147,134.342,117.568,1,-1,-1,-1
51,18,22.7687,105.072,70.4307,96.2176,1,-1,-1,-1
51,17,234.528,268.239,156.109,101.809,1,-1,-1,-1
51,14,892.863,335.254,138.901,92.2291,1,-1,-1,-1
51,12,1707.73,154.255,173.476,96.4644,1,-1,-1,-1
51,11,534.745,394.569,151.197,88.8461,1,-1,-1,-1
51,10,1809.95,293.92,107.497,81.0468,1,-1,-1,-1
51,9,1550.33,210.25,191.509,106.712,1,-1,-1,-1
51,8,1318.31,374.137,174.632,75.9578,1,-1,-1,-1
51,7,1098.9,410.309,155.362,81.1503,1,-1,-1,-1
51,6,1054.69,286.114,176.416,123.886,1,-1,-1,-1
51,5,179.878,171.843,72.6664,59.2673,1,-1,-1,-1
51,3,678.172,476.577,151.128,77.342,1,-1,-1,-1
51,2,1294.1,238.773,162.686,76.2735,1,-1,-1,-1
51,1,795.09,545.158,147.19,143.757,1,-1,-1,-1
52,40,740.409,240.325,157.191,104.19,1,-1,-1,-1
52,39,236.79,194.383,100.386,96.69,1,-1,-1,-1
52,38,103.943,238.581,82.5914,89.8587,1,-1,-1,-1
52,36,3.8818,13.9287,86.5624,88.2221,1,-1,-1,-1
52,35,898.96,566.399,196.973,91.29,1,-1,-1,-1
52,27,761.278,353.761,130.147,73.8455,1,-1,-1,-1
52,22,353.043,350.574,139.215,120.68,1,-1,-1,-1
52,17,261.093,278.945,109.584,99.5116,1,-1,-1,-1
52,14,932.318,341.442,148.174,73.1144,1,-1,-1,-1
52,13,1334.02,334.963,310.868,120.96,1,-1,-1,-1
52,12,1714.98,146.84,183.156,114.178,1,-1,-1,-1
52,11,561.152,396.97,144.28,84.8284,1,-1,-1,-1
52,9,1571.16,210.465,205.049,143.079,1,-1,-1,-1
52,8,1333.05,350.41,190.323,98.8822,1,-1,-1,-1
52,7,1107.24,403.612,167.701,89.5242,1,-1,-1,-1
52,6,1097.54,307.941,167.901,76.8189,1,-1,-1,-1
52,5,171.54,172.193,77.1558,70.7347,1,-1,-1,-1
52,3,683.236,462.303,183.949,98.4379,1,-1,-1,-1
52,2,1335.29,245.979,172.923,95.7555,1,-1,-1,-1
52,1,790.787,542.568,149.692,111.887,1,-1,-1,-1
53,40,710.512,237.324,147.819,101.392,1,-1,-1,-1
53,39,235.215,197.728,103.504,81.2668,1,-1,-1,-1
53,31,18.2765,31.8395,108.382,106.253,1,-1,-1,-1
53,27,774.374,346.588,140.237,90.4252,1,-1,-1,-1
53,22,362.861,357.358,144.044,110.585,1,-1,-1,-1
53,17,261.859,275.247,129.529,111.316,1,-1,-1,-1
53,14,920.67,323.795,173.543,113.415,1,-1,-1,-1
53,13,1509.4,318.34,179.153,127.175,1,-1,-1,-1
53,12,1731.44,144.788,184.109,111.106,1,-1,-1,-1
53,11,586.972,385.327,141.295,112.597,1,-1,-1,-1
53,8,1357.91,360.647,167.538,106.429,1,-1,-1,-1
53,7,1129.19,374.513,173.795,98.8576,1,-1,-1,-1
53,6,1106.26,270.129,182.151,112.597,1,-1,-1,-1
53,5,168.66,174.569,76.7361,70.6016,1,-1,-1,-1
53,3,739.457,450.302,158.021,78.4103,1,-1,-1,-1
53,2,1332.05,241.967,183.042,107.068,1,-1,-1,-1
53,1,776.148,522.44,298.003,161.726,1,-1,-1,-1
54,41,779.879,537.062,108.32,130.033,1,-1,-1,-1
54,40,686.648,235.167,154.275,92.2839,1,-1,-1,-1
54,39,238.067,211.217,98.4151,67.4476,1,-1,-1,-1
54,38,100.33,246.992,87.2642,84.636,1,-1,-1,-1
54,31,14.5205,31.4885,112.256,99.162,1,-1,-1,-1
54,27,801.882,338.793,135.124,85.9284,1,-1,-1,-1
54,22,377.844,359.386,139.376,85.75,1,-1,-1,-1
54,17,281.255,286.219,115.993,94.6804,1,-1,-1,-1
54,14,949.209,328.254,148.393,97.8665,1,-1,-1,-1
54,11,603.408,389.709,140.852,107.268,1,-1,-1,-1
54,9,1610.08,266.748,210.539,152.709,1,-1,-1,-1
54,8,1364.66,360.184,179.463,105.988,1,-1,-1,-1
54,7,1119.4,363.697,202.442,116.659,1,-1,-1,-1
54,6,1113.28,274.924,184.226,88.1351,1,-1,-1,-1
54,3,779.705,440.459,145.594,87.5804,1,-1,-1,-1
54,2,1353.88,259.632,163.894,76.5121,1,-1,-1,-1
54,1,774.789,522.769,270.216,159.46,1,-1,-1,-1
55,41,769.244,528.976,111.104,155.358,1,-1,-1,-1
55,40,658.604,232.048,154.149,87.7982,1,-1,-1,-1
55,39,257.922,219.882,76.3988,70.157,1,-1,-1,-1
55,38,99.1586,237.913,93.952,100.672,1,-1,-1,-1
55,34,1549.75,349.827,152.643,108.871,1,-1,-1,-1
55,31,13.6414,30.7694,110.343,99.7886,1,-1,-1,-1
55,27,801.745,330.714,152.476,100.982,1,-1,-1,-1
55,22,401.288,344.796,159.195,124.587,1,-1,-1,-1
55,18,26.0693,155.72,58.4792,85.2047,1,-1,-1,-1
55,17,281.764,290.994,134.017,91.3666,1,-1,-1,-1
55,14,972.653,328.511,162.902,85.3634,1,-1,-1,-1
55,12,1779.56,163.217,138.67,88.1066,1,-1,-1,-1
55,11,610.555,398.031,142.885,99.9649,1,-1,-1,-1
55,8,1370.89,364.22,188.838,111.725,1,-1,-1,-1
55,7,1136.06,357.223,202.355,133.844,1,-1,-1,-1
55,5,183.556,181.518,75.5029,62.4763,1,-1,-1,-1
55,3,795.673,442.195,145.186,81.1635,1,-1,-1,-1
55,2,1397.92,261.648,158.116,50.5273,1,-1,-1,-1
55,1,875.454,530.166,157.081,109.034,1,-1,-1,-1
56,41,763.961,543.172,109.098,111.891,1,-1,-1,-1
56,40,637.535,236.242,139.618,73.6351,1,-1,-1,-1
56,39,262.888,240.066,80.0955,71.0645,1,-1,-1,-1
56,38,120.246,232.545,71.0545,90.0249,1,-1,-1,-1
56,31,16.0723,29.9078,101.252,102.028,1,-1,-1,-1
56,27,804.171,330.516,147.725,89.4987,1,-1,-1,-1
56,22,415.471,366.849,147.485,102.508,1,-1,-1,-1
56,18,25.9653,189.205,56.5411,108.314,1,-1,-1,-1
56,17,310.845,309.319,106.98,97.9784,1,-1,-1,-1
56,14,1015.15,339.29,148.423,65.0305,1,-1,-1,-1
56,12,1804.23,170.622,113.563,76.809,1,-1,-1,-1
56,11,634.762,417.742,139.17,94.6775,1,-1,-1,-1
56,9,1680.88,288.266,208.766,104.902,1,-1,-1,-1
56,8,1369.14,362.495,227.071,121.185,1,-1,-1,-1
56,7,1188.08,347.651,155.058,129.423,1,-1,-1,-1
56,6,1185.61,253.637,159.143,100.487,1,-1,-1,-1
56,5,190.503,186.609,68.3667,70.7057,1,-1,-1,-1
56,3,829.251,448.575,143.415,80.4987,1,-1,-1,-1
56,2,1407.66,223.769,205.726,101.825,1,-1,-1,-1
56,1,878.885,534.021,157.003,111.491,1,-1,-1,-1
57,41,752.311,548.43,130.345,129.58,1,-1,-1,-1
57,40,617.54,226.817,151.628,88.7689,1,-1,-1,-1
57,39,259.196,240.716,74.9509,73.7585,1,-1,-1,-1
57,38,114.726,221.728,84.2673,108.209,1,-1,-1,-1
57,31,13.4898,39.7629,107.096,121.914,1,-1,-1,-1
57,27,821.66,325.864,156.857,90.6496,1,-1,-1,-1
57,22,438.622,357.105,146.049,114.977,1,-1,-1,-1
57,18,15.153,204.25,73.25,118.78,1,-1,-1,-1
57,17,317.154,315.79,126.308,128.398,1,-1,-1,-1
57,14,1038.6,320.616,193.237,115.687,1,-1,-1,-1
57,11,621.04,416.751,185.766,110.974,1,-1,-1,-1
57,9,1736.72,310.081,181.486,144.816,1,-1,-1,-1
57,8,1389.28,378.166,192.995,127.474,1,-1,-1,-1
57,7,1213.76,358.489,153.251,111.946,1,-1,-1,-1
57,6,1200.65,263.376,172.491,88.5818,1,-1,-1,-1
57,5,188.857,189.58,82.7542,83.3525,1,-1,-1,-1
57,3,853.429,456.709,147.263,71.5144,1,-1,-1,-1
57,2,1454.39,221.918,164.212,103.253,1,-1,-1,-1
57,1,855.348,515.76,166.409,102.939,1,-1,-1,-1
58,41,746.641,518.102,225.889,165.508,1,-1,-1,-1
58,40,573.611,236.981,132.12,68.0655,1,-1,-1,-1
58,39,252.456,249.904,82.6097,84.1918,1,-1,-1,-1
58,38,117.839,221.625,71.8032,82.1619,1,-1,-1,-1
58,34,1585.51,391.668,162.551,88.056,1,-1,-1,-1
58,31,26.0677,53.7611,108.14,123.775,1,-1,-1,-1
58,27,867.282,331.461,126.623,79.5552,1,-1,-1,-1
58,22,469.421,364.581,147.413,90.8916,1,-1,-1,-1
58,18,23.0294,213.552,66.4734,93.3967,1,-1,-1,-1
58,17,325.395,321.583,132.943,118.095,1,-1,-1,-1
58,14,1058.7,323.541,150.474,77.6146,1,-1,-1,-1
58,11,661.952,421.154,157.95,110.182,1,-1,-1,-1
58,8,1394.75,384.217,181.008,144.692,1,-1,-1,-1
58,7,1224.19,365.604,150.671,104.511,1,-1,-1,-1
58,6,1232.68,264.894,176.128,86.7372,1,-1,-1,-1
58,5,202.174,192.428,77.5953,85.3692,1,-1,-1,-1
58,3,880.576,456.138,152.224,67.4867,1,-1,-1,-1
58,2,1464.22,221.081,168.217,80.9204,1,-1,-1,-1
59,41,768.374,516.046,209.523,138.857,1,-1,-1,-1
59,40,555.351,220.987,122.938,88.1726,1,-1,-1,-1
59,39,244.912,255.151,82.0281,85.6914,1,-1,-1,-1
59,38,118.441,224.333,53.2399,73.1532,1,-1,-1,-1
59,31,45.4708,73.8213,85.8727,106.027,1,-1,-1,-1
59,27,894.665,327.139,137.942,74.1235,1,-1,-1,-1
59,22,485.131,349.32,155.056,104.302,1,-1,-1,-1
59,18,23.5345,214.792,62.8537,99.1726,1,-1,-1,-1
59,17,338.795,325.195,131.941,99.0449,1,-1,-1,-1
59,14,1090.97,319.674,155.524,77.762,1,-1,-1,-1
59,11,686.462,417.14,143.529,108.96,1,-1,-1,-1
59,9,1819.81,330.767,98.8441,135.591,1,-1,-1,-1
59,8,1423.69,393.048,156.647,142.054,1,-1,-1,-1
59,7,1236.33,347.817,147.066,127.629,1,-1,-1,-1
59,6,1252.95,244.9,191.901,101.373,1,-1,-1,-1
59,5,193.101,203.522,70.4671,84.993,1,-1,-1,-1
59,3,915.97,463.233,145.729,60.7815,1,-1,-1,-1
59,2,1492.03,234.79,167.277,79.6235,1,-1,-1,-1
60,42,737.814,569.865,147.998,113.193,1,-1,-1,-1
60,41,789.478,518.221,185.568,88.5526,1,-1,-1,-1
60,40,513.776,198.615,136.647,84.6517,1,-1,-1,-1
60,39,239.139,277.042,74.5697,96.7879,1,-1,-1,-1
60,38,118.74,207.555,75.0212,86.8301,1,-1,-1,-1
60,31,49.3771,88.441,74.234,93.76,1,-1,-1,-1
60,27,908.542,317.107,136.853,86.2617,1,-1,-1,-1
60,22,517.854,350.271,145.392,84.3469,1,-1,-1,-1
60,18,19.2798,246.516,66.2398,97.2728,1,-1,-1,-1
60,17,350.5,324.781,133.771,92.8878,1,-1,-1,-1
60,14,1132.8,304.32,177.039,74.2859,1,-1,-1,-1
60,11,695.354,426.413,138.199,84.6079,1,-1,-1,-1
60,8,1434.93,404.794,164.526,160.369,1,-1,-1,-1
60,7,1254.64,367.015,130.814,93.1846,1,-1,-1,-1
60,5,189.617,226.992,75.9896,87.63,1,-1,-1,-1
60,3,945.008,462.826,157.396,72.4921,1,-1,-1,-1
61,42,741.116,563.796,136.34,121.302,1,-1,-1,-1
61,41,798.071,508.98,166.708,121.907,1,-1,-1,-1
61,40,508.427,195.949,128.436,74.1753,1,-1,-1,-1
61,39,256.434,304.682,63.1319,110.158,1,-1,-1,-1
61,38,120.206,210.578,75.1732,78.9812,1,-1,-1,-1
61,31,41.9398,93.9382,70.1409,99.4151,1,-1,-1,-1
61,27,943.037,309.566,131.791,73.6369,1,-1,-1,-1
61,22,537.727,345.123,149.019,114.408,1,-1,-1,-1
61,18,17.7432,257.086,69.0567,100.537,1,-1,-1,-1
61,17,381.662,332.583,124.373,128.12,1,-1,-1,-1
61,14,1158.92,286.119,178.143,125.824,1,-1,-1,-1
61,11,725.911,431.742,135.482,66.6053,1,-1,-1,-1
61,8,1455.32,429.894,160.246,119.709,1,-1,-1,-1
61,7,1270.67,356.576,159.23,100.926,1,-1,-1,-1
61,6,1329.98,234.695,178.464,107.72,1,-1,-1,-1
61,5,180.148,227.324,110.112,94.5942,1,-1,-1,-1
61,3,986.694,475.364,152.836,76.646,1,-1,-1,-1
61,2,1589.87,255.328,156.045,87.5243,1,-1,-1,-1
62,43,1754.98,419.983,103.72,98.1267,1,-1,-1,-1
62,42,743.853,588.412,139.225,91.5775,1,-1,-1,-1
62,41,803.24,524.374,151.04,78.5409,1,-1,-1,-1
62,40,485.945,196.089,89.4717,86.5179,1,-1,-1,-1
62,39,252.734,320.706,66.8791,129.383,1,-1,-1,-1
62,38,118.329,197.083,103.681,88.8761,1,-1,-1,-1
62,31,44.0001,99.9053,89.1693,120.895,1,-1,-1,-1
62,27,972.695,298.216,129.867,85.1677,1,-1,-1,-1
62,22,572.395,361.116,141.93,86.5173,1,-1,-1,-1
62,18,25.4366,270.524,81.0171,111.092,1,-1,-1,-1
62,17,382.639,339.166,147.077,128.266,1,-1,-1,-1
62,14,1169.32,290.245,174.938,106.894,1,-1,-1,-1
62,11,741.12,419.039,149.291,81.2171,1,-1,-1,-1
62,8,1474.56,444.533,185.418,140.433,1,-1,-1,-1
62,7,1290.46,360.196,156.278,102.39,1,-1,-1,-1
62,6,1376.01,244.278,180.361,84.2708,1,-1,-1,-1
62,5,183.712,232.894,98.7445,118.433,1,-1,-1,-1
62,3,1019.28,479.146,170.258,72.2087,1,-1,-1,-1
62,2,1588.89,283.545,176.189,99.4503,1,-1,-1,-1
63,42,734.762,589.639,130.838,126.693,1,-1,-1,-1
63,41,768.531,525.636,186.568,97.2263,1,-1,-1,-1
63,39,264.579,341.39,77.7856,132.149,1,-1,-1,-1
63,38,120.695,199.949,90.4041,87.9005,1,-1,-1,-1
63,36,22.1654,0.671274,73.4455,52.0769,1,-1,-1,-1
63,31,54.6526,123.34,66.3412,108.852,1,-1,-1,-1
63,27,1003.34,311.928,145.605,72.2068,1,-1,-1,-1
63,22,600.832,347.172,145.489,119.845,1,-1,-1,-1
63,18,31.5889,276.22,70.5939,106.75,1,-1,-1,-1
63,17,417.321,345.31,145.211,115.655,1,-1,-1,-1
63,14,1182.4,301.359,167.117,94.9996,1,-1,-1,-1
63,11,772.813,411.421,142.438,87.7367,1,-1,-1,-1
63,8,1471.99,453.524,187.193,133.98,1,-1,-1,-1
63,7,1319.18,366.287,148.999,93.3316,1,-1,-1,-1
63,6,1409.41,240.108,178.318,89.2134,1,-1,-1,-1
63,5,194.389,258.87,70.9414,105.911,1,-1,-1,-1
63,3,1034.89,459.318,176.079,105.806,1,-1,-1,-1
64,43,1703.3,423.787,190.3,103.673,1,-1,-1,-1
64,42,752.649,615.64,116.669,116.3,1,-1,-1,-1
64,41,764.515,546.378,173.302,79.6328,1,-1,-1,-1
64,39,272.883,365.699,78.9744,123.545,1,-1,-1,-1
64,38,126.959,204.038,83.7894,81.0822,1,-1,-1,-1
64,36,23.8292,1.00431,76.8821,64.4361,1,-1,-1,-1
64,31,55.5131,136.604,64.7671,108.152,1,-1,-1,-1
64,27,1023.94,305.667,151.311,100.869,1,-1,-1,-1
64,22,633.503,374.732,155.419,80.932,1,-1,-1,-1
64,18,31.5186,290.627,69.6746,98.6096,1,-1,-1,-1
64,17,410.798,338.108,152.287,135.035,1,-1,-1,-1
64,14,1195.39,304.669,175.705,104.712,1,-1,-1,-1
64,11,784.349,396.895,155.026,103.287,1,-1,-1,-1
64,8,1478.74,463.125,189.087,113.145,1,-1,-1,-1
64,7,1333.35,358.273,163.224,99.6918,1,-1,-1,-1
64,5,183.239,278.322,82.3943,102.945,1,-1,-1,-1
64,3,1080.81,484.25,168.176,67.9161,1,-1,-1,-1
64,2,1665.3,280.46,175.525,102.293,1,-1,-1,-1
65,43,1712.61,423.909,199.791,110.63,1,-1,-1,-1
65,42,746.323,627.557,141.188,120.59,1,-1,-1,-1
65,41,754.083,519.723,181.831,119.377,1,-1,-1,-1
65,40,487.768,200.953,78.1701,85.161,1,-1,-1,-1
65,39,276.544,390.744,97.5156,115.291,1,-1,-1,-1
65,38,129.184,197.348,112.342,90.472,1,-1,-1,-1
65,36,19.8969,0.670772,104.453,80.021,1,-1,-1,-1
65,31,57.7761,126.32,74.8197,130.006,1,-1,-1,-1
65,27,1043.89,311.568,137.448,72.7759,1,-1,-1,-1
65,22,661.162,372.287,153.772,85.4779,1,-1,-1,-1
65,18,25.4718,294.238,80.5833,98.2935,1,-1,-1,-1
65,17,416.984,345.639,148.536,108.847,1,-1,-1,-1
65,14,1218.26,276.784,160.36,105.181,1,-1,-1,-1
65,11,835.289,403.65,122.323,67.284,1,-1,-1,-1
65,8,1481.22,454.901,204.987,137.907,1,-1,-1,-1
65,7,1352.37,355.7,166.118,101.447,1,-1,-1,-1
65,6,1484.27,231.717,177.475,90.7631,1,-1,-1,-1
65,5,197.58,299.392,66.7249,110.437,1,-1,-1,-1
65,3,1112.7,472.171,165.725,66.4917,1,-1,-1,-1
65,2,1674.78,274.681,182.161,114.385,1,-1,-1,-1
66,43,1725.65,431.07,189.383,118.082,1,-1,-1,-1
66,42,756.908,637.72,135.427,118.39,1,-1,-1,-1
66,41,736.294,531.446,166.754,77.4102,1,-1,-1,-1
66,40,469.288,203.761,101.474,71.2599,1,-1,-1,-1
66,39,283.167,423.046,97.3134,94.6754,1,-1,-1,-1
66,38,136.688,192.099,132.339,86.7934,1,-1,-1,-1
66,36,20.0259,1.05594,126.688,91.2221,1,-1,-1,-1
66,31,63.6328,167.481,63.281,104.493,1,-1,-1,-1
66,27,1070.16,311.658,145.33,56.7157,1,-1,-1,-1
66,22,699.759,377.236,149.869,88.8044,1,-1,-1,-1
66,18,30.984,299.254,76.8427,98.5566,1,-1,-1,-1
66,17,433.638,362.868,137.861,89.9616,1,-1,-1,-1
66,14,1245.06,284.499,161.919,74.0571,1,-1,-1,-1
66,11,847.221,389.764,153.792,103.748,1,-1,-1,-1
66,8,1486.3,456.18,188.312,113.674,1,-1,-1,-1
66,7,1392.56,360.794,175.113,76.481,1,-1,-1,-1
66,6,1515.78,236.664,335.596,134.228,1,-1,-1,-1
66,5,194.768,310.341,80.4456,122.428,1,-1,-1,-1
66,3,1162.94,473.627,167.14,60.6377,1,-1,-1,-1
67,43,1732.23,431.335,184.149,115.72,1,-1,-1,-1
67,42,762.514,639.72,138.796,125.559,1,-1,-1,-1
67,41,697.554,519.504,158.124,87.5993,1,-1,-1,-1
67,40,462.92,202.735,101.736,79.1872,1,-1,-1,-1
67,39,296.091,434.773,102.518,119.007,1,-1,-1,-1
67,38,156.818,195.948,124.167,88.14,1,-1,-1,-1
67,36,44.8035,9.96975,112.73,93.6919,1,-1,-1,-1
67,31,55.3608,168.231,80.6419,106.085,1,-1,-1,-1
67,27,1109.07,308.295,143.153,71.1253,1,-1,-1,-1
67,22,714.475,360.09,158.1,95.7697,1,-1,-1,-1
67,18,25.0332,305.91,71.5452,101.937,1,-1,-1,-1
67,17,446.612,352.086,151.633,107.607,1,-1,-1,-1
67,14,1281.43,281.473,162.805,80.4886,1,-1,-1,-1
67,11,876.474,379.369,137.123,79.1466,1,-1,-1,-1
67,8,1501.61,458.588,186.263,69.8092,1,-1,-1,-1
67,7,1423.49,354.972,170.212,70.5477,1,-1,-1,-1
67,6,1538.8,228.47,328.541,138.566,1,-1,-1,-1
67,5,204.729,321.993,70.1689,123.541,1,-1,-1,-1
67,3,1182.93,461.899,173.177,70.7735,1,-1,-1,-1
67,2,1711.3,287.702,173.695,87.4087,1,-1,-1,-1
68,43,1741.3,431.676,175.698,103.842,1,-1,-1,-1
68,42,776.9,665.701,126.742,95.6264,1,-1,-1,-1
68,41,663.622,504.793,164.148,116.966,1,-1,-1,-1
68,40,467.355,191.907,92.1887,83.401,1,-1,-1,-1
68,39,316.146,440.199,98.9874,117.118,1,-1,-1,-1
68,38,160.373,197.693,128.646,84.812,1,-1,-1,-1
68,36,47.251,12.1099,112.02,107.968,1,-1,-1,-1
68,31,55.1434,170.203,69.7563,104.447,1,-1,-1,-1
68,27,1141.59,299.973,150.851,84.8708,1,-1,-1,-1
68,22,747.986,359.201,161.553,90.632,1,-1,-1,-1
68,18,12.2951,300.547,93.9649,99.7612,1,-1,-1,-1
68,17,471.849,341.817,137.424,113.323,1,-1,-1,-1
68,14,1297.83,271.792,173.739,113.566,1,-1,-1,-1
68,11,912.004,378.721,137.047,65.9565,1,-1,-1,-1
68,8,1524.37,463.465,180.994,69.2622,1,-1,-1,-1
68,7,1454.41,369.819,174.209,59.9326,1,-1,-1,-1
68,5,202.541,348.925,75.9564,115.275,1,-1,-1,-1
68,3,1237.96,472.673,165.122,58.7071,1,-1,-1,-1
69,42,807.522,680.74,119.672,109.003,1,-1,-1,-1
69,41,628.728,495.78,196.603,114.986,1,-1,-1,-1
69,40,465.392,186.49,91.8526,88.8575,1,-1,-1,-1
69,39,324.435,448.75,109.036,103.762,1,-1,-1,-1
69,38,178.911,201.529,114.303,87.1749,1,-1,-1,-1
69,36,72.2285,34.7499,85.3964,108.422,1,-1,-1,-1
69,31,46.6425,187.582,65.9571,92.8612,1,-1,-1,-1
69,27,1154.53,284.671,148.719,93.2317,1,-1,-1,-1
69,22,759.809,337.521,169.029,104.674,1,-1,-1,-1
69,18,15.9111,304.511,95.3264,89.584,1,-1,-1,-1
69,17,504.016,358.394,139.288,87.5153,1,-1,-1,-1
69,14,1325.11,271.597,170.455,74.703,1,-1,-1,-1
69,8,1551.69,463.734,169.538,79.4802,1,-1,-1,-1
69,7,1483.45,370.301,172.666,61.0412,1,-1,-1,-1
69,6,1610.01,212.655,208.712,146.237,1,-1,-1,-1
69,5,192.922,355.344,93.8908,126.316,1,-1,-1,-1
69,3,1263.68,469.808,168.334,64.184,1,-1,-1,-1
70,44,0.989578,4.08706,69.2026,73.7013,1,-1,-1,-1
70,43,1776.86,449.042,137.726,83.2188,1,-1,-1,-1
70,42,809.726,679.847,150.027,129.475,1,-1,-1,-1
70,41,618.403,491.42,175.469,104.318,1,-1,-1,-1
70,40,463.076,169.901,93.4286,103.61,1,-1,-1,-1
70,39,331.824,445.624,125.204,97.7399,1,-1,-1,-1
70,38,189.819,206.329,134.352,90.2376,1,-1,-1,-1
70,36,71.7511,47.5285,83.9832,119.42,1,-1,-1,-1
70,27,1197.11,270.909,140.368,76.7322,1,-1,-1,-1
70,22,775.825,337.63,158.042,103.716,1,-1,-1,-1
70,18,15.138,219.423,119.293,171.026,1,-1,-1,-1
70,17,515.451,336.897,146.965,116.099,1,-1,-1,-1
70,14,1360.34,250.408,182.066,90.4236,1,-1,-1,-1
70,11,985.676,385.267,151.673,78.3692,1,-1,-1,-1
70,8,1554.89,450.237,152.319,107.299,1,-1,-1,-1
70,7,1495.51,351.612,168.417,82.7431,1,-1,-1,-1
70,6,1626,299.064,224.369,96.29,1,-1,-1,-1
70,5,208.683,370.52,65.2683,112.9,1,-1,-1,-1
70,3,1296.99,444.122,182.946,79.0219,1,-1,-1,-1
71,44,0.785126,3.5488,60.0159,81.6198,1,-1,-1,-1
71,43,1781.99,458.052,135.83,78.1413,1,-1,-1,-1
71,42,827.377,713.197,149.774,103.754,1,-1,-1,-1
71,41,582.902,481.197,171.187,92.0598,1,-1,-1,-1
71,40,434.377,164.427,90.6283,95.1588,1,-1,-1,-1
71,39,346.319,452.795,119.678,90.3369,1,-1,-1,-1
71,38,201.717,203.983,133.613,97.7575,1,-1,-1,-1
71,27,1194.61,249.944,187.93,129.456,1,-1,-1,-1
71,22,797.478,335.502,151.771,103.35,1,-1,-1,-1
71,18,12.7487,234.176,134.171,153.846,1,-1,-1,-1
71,17,522.065,358.281,151.124,94.009,1,-1,-1,-1
71,14,1396.8,255.831,194.516,101.169,1,-1,-1,-1
71,11,1032.83,377.724,149.441,54.4021,1,-1,-1,-1
71,9,1864.34,342.318,54.0183,56.9622,1,-1,-1,-1
71,8,1581.8,448.071,188.451,92.114,1,-1,-1,-1
71,7,1504.02,364.33,176.259,96.2247,1,-1,-1,-1
71,6,1658.81,280.13,205.592,102.184,1,-1,-1,-1
71,5,201.836,383.242,93.8134,142.906,1,-1,-1,-1
71,3,1342.29,433.948,201.206,100.771,1,-1,-1,-1
72,44,1.49278,11.0049,62.1844,90.3835,1,-1,-1,-1
72,42,850.235,717.763,162.557,97.7473,1,-1,-1,-1
72,41,556.054,460.485,172.563,103.645,1,-1,-1,-1
72,39,348.013,454.144,132.825,90.1477,1,-1,-1,-1
72,38,222.856,206.203,120.829,99.1644,1,-1,-1,-1
72,31,9.99311,214.638,91.3324,113.838,1,-1,-1,-1
72,27,1226.5,252.588,157.884,106.254,1,-1,-1,-1
72,22,810.613,315.802,158.697,119.276,1,-1,-1,-1
72,18,5.85263,227.427,132.703,154.665,1,-1,-1,-1
72,17,541.694,351.059,153.112,122.217,1,-1,-1,-1
72,14,1440.44,264.053,192.978,84.5806,1,-1,-1,-1
72,11,1061.17,365.182,158.362,79.2379,1,-1,-1,-1
72,8,1609.83,448.925,211.666,98.5745,1,-1,-1,-1
72,7,1527.04,366.657,189.156,90.2259,1,-1,-1,-1
72,6,1687.44,281.833,227.189,106.272,1,-1,-1,-1
72,5,198.758,400.131,134.231,119.204,1,-1,-1,-1
72,3,1358.83,419.703,187.243,125.387,1,-1,-1,-1
73,44,1.50683,14.4865,63.4954,102.983,1,-1,-1,-1
73,42,878.805,723.554,164.57,118.238,1,-1,-1,-1
73,41,521.584,453.627,181.947,110.821,1,-1,-1,-1
73,39,362.377,435.422,121.915,97.5826,1,-1,-1,-1
73,38,222.261,210.513,118.87,90.989,1,-1,-1,-1
73,36,80.5529,101.333,91.132,106.275,1,-1,-1,-1
73,27,1239.89,244.949,170.615,124.497,1,-1,-1,-1
73,22,807.179,308.278,179.866,130.523,1,-1,-1,-1
73,18,14.0898,234.594,130.957,141.602,1,-1,-1,-1
73,17,584.079,361.163,138.766,95.2932,1,-1,-1,-1
73,14,1464.24,242.465,205.36,107.903,1,-1,-1,-1
73,8,1623.29,443.285,236.704,120.018,1,-1,-1,-1
73,7,1559.3,371.338,191.781,92.5123,1,-1,-1,-1
73,6,1709.86,261.574,195.364,145.406,1,-1,-1,-1
73,5,203.666,399.718,142.502,115.795,1,-1,-1,-1
73,3,1376.22,439.189,193.886,104.073,1,-1,-1,-1
74,45,375.599,77.4521,88.0246,120.208,1,-1,-1,-1
74,44,1.45774,23.8591,60.537,100.465,1,-1,-1,-1
74,42,907.151,748.327,167.453,130.168,1,-1,-1,-1
74,41,484.306,475.881,187.329,93.6154,1,-1,-1,-1
74,39,365.563,437.666,111.881,85.1849,1,-1,-1,-1
74,38,217.193,215.875,124.128,94.753,1,-1,-1,-1
74,36,99.9112,120.299,84.3013,110.218,1,-1,-1,-1
74,31,15.9123,237.933,85.6765,100.786,1,-1,-1,-1
74,27,1253.41,239.931,200.51,114.151,1,-1,-1,-1
74,22,824.573,318.591,176.451,114.634,1,-1,-1,-1
74,18,8.30809,225.615,124.531,141.963,1,-1,-1,-1
74,17,599.956,345.143,157.371,130.786,1,-1,-1,-1
74,14,1468.7,245.011,215.691,103.338,1,-1,-1,-1
74,11,1110.74,378.057,173.581,104.917,1,-1,-1,-1
74,8,1647.92,438.388,220.814,112.908,1,-1,-1,-1
74,7,1584.34,374.783,187.507,94.0654,1,-1,-1,-1
74,5,203.139,401.183,119.783,111.41,1,-1,-1,-1
74,3,1398.86,441.98,187.392,99.7214,1,-1,-1,-1
75,45,365.542,66.0474,89.958,120.944,1,-1,-1,-1
75,44,1.57649,31.7931,59.6589,98.6629,1,-1,-1,-1
75,42,939.987,758.799,142.611,130.307,1,-1,-1,-1
75,41,462.278,480.027,167.213,92.2253,1,-1,-1,-1
75,39,369.495,416.416,133.822,103.658,1,-1,-1,-1
75,38,211.324,224.71,124.235,96.5917,1,-1,-1,-1
75,36,112.268,149.877,80.3386,96.4228,1,-1,-1,-1
75,31,5.39073,238.439,101.442,110.608,1,-1,-1,-1
75,27,1283.34,244.628,168.832,87.0731,1,-1,-1,-1
75,22,859.146,302.922,167.552,117.175,1,-1,-1,-1
75,17,619.945,349.845,152.644,114.724,1,-1,-1,-1
75,14,1475.73,243.554,184.659,110.578,1,-1,-1,-1
75,11,1139.66,363.26,176.035,87.5157,1,-1,-1,-1
75,8,1655.8,442.965,238.126,103.681,1,-1,-1,-1
75,7,1602.51,381.676,170.782,73.4172,1,-1,-1,-1
75,6,1764.93,307.372,153.482,112.629,1,-1,-1,-1
75,5,203.332,409.43,133.255,116.124,1,-1,-1,-1
75,3,1407.58,445.292,195.751,86.2292,1,-1,-1,-1
76,46,1609.35,560.484,234.209,116.714,1,-1,-1,-1
76,45,352.599,51.1543,89.9023,105.249,1,-1,-1,-1
76,44,0.930464,52.5882,56.0411,101.095,1,-1,-1,-1
76,43,1771.75,465.356,134.705,88.6212,1,-1,-1,-1
76,42,964.39,784.945,154.677,122.09,1,-1,-1,-1
76,41,414.723,494.064,180.822,101.434,1,-1,-1,-1
76,38,214.929,224.107,117.754,109.485,1,-1,-1,-1
76,36,106.196,162.654,68.7127,91.5059,1,-1,-1,-1
76,31,2.08152,235.177,77.8769,107.838,1,-1,-1,-1
76,27,1289.24,236.164,180.277,94.6765,1,-1,-1,-1
76,22,867.96,316.642,170.369,116.714,1,-1,-1,-1
76,18,58.6158,261.094,95.2445,91.9166,1,-1,-1,-1
76,17,634.668,366.298,158.447,101.653,1,-1,-1,-1
76,14,1492.38,242.757,188.226,113.142,1,-1,-1,-1
76,11,1142.14,343.613,198.864,139.713,1,-1,-1,-1
76,8,1673.1,448.719,231.074,106.403,1,-1,-1,-1
76,7,1633.77,387.881,187.79,75.4612,1,-1,-1,-1
76,5,220.864,414.722,134.721,114.838,1,-1,-1,-1
76,3,1420.13,432.702,204.686,105.133,1,-1,-1,-1
77,45,341.504,35.6521,80.2176,95.8784,1,-1,-1,-1
77,44,0.678461,64.033,79.2875,115.983,1,-1,-1,-1
77,42,1005.63,815.5,154.215,121.548,1,-1,-1,-1
77,41,402.793,500.145,160.031,97.2293,1,-1,-1,-1
77,38,219.42,241.226,89.6381,117.782,1,-1,-1,-1
77,36,99.9312,159.418,87.1436,102.994,1,-1,-1,-1
77,32,410.274,400.484,127.673,78.1091,1,-1,-1,-1
77,31,4.83438,233.368,70.7169,102.66,1,-1,-1,-1
77,27,1301.84,233.595,171.024,100.845,1,-1,-1,-1
77,22,896.019,324.584,166.078,99.2595,1,-1,-1,-1
77,18,70.8449,265.667,67.4899,77.8724,1,-1,-1,-1
77,17,667.684,352.814,142.521,97.4994,1,-1,-1,-1
77,14,1526.44,272.527,188.594,86.0875,1,-1,-1,-1
77,11,1203.44,365.792,156.384,80.2151,1,-1,-1,-1
77,8,1698.53,445.459,190.845,116.951,1,-1,-1,-1
77,7,1670.61,391.41,168.579,74.9135,1,-1,-1,-1
77,5,235.485,427.463,129.954,100.214,1,-1,-1,-1
77,3,1453.52,447.228,190.506,76.7171,1,-1,-1,-1
78,45,344.2,14.6636,69.5725,102.652,1,-1,-1,-1
78,44,1.37302,91.4898,74.3988,108.816,1,-1,-1,-1
78,43,1752.7,453.537,151.858,141.736,1,-1,-1,-1
78,42,1028.27,828.54,165.316,129.473,1,-1,-1,-1
78,41,369.859,503.888,170.45,99.0219,1,-1,-1,-1
78,38,207.824,244.662,106.943,119.235,1,-1,-1,-1
78,36,106.372,172.855,73.9093,95.5048,1,-1,-1,-1
78,32,417.25,388.027,141.449,93.4206,1,-1,-1,-1
78,31,12.685,233.894,66.369,90.7155,1,-1,-1,-1
78,27,1338.5,271.398,156.274,51.7929,1,-1,-1,-1
78,22,916.647,342.999,162.985,100.094,1,-1,-1,-1
78,18,79.8891,258.598,60.8978,76.2525,1,-1,-1,-1
78,17,693.303,377.471,138.828,77.6438,1,-1,-1,-1
78,14,1569.39,273.463,182.473,60.6852,1,-1,-1,-1
78,11,1229.46,372.649,166.554,76.8779,1,-1,-1,-1
78,7,1711.23,397.035,153.715,71.1893,1,-1,-1,-1
78,5,235.995,416.052,130.129,109.931,1,-1,-1,-1
78,3,1490.47,455.623,183.967,69.2765,1,-1,-1,-1
79,47,0.960392,2.93548,65.3552,66.9599,1,-1,-1,-1
79,45,324.447,9.13405,89.5378,100.679,1,-1,-1,-1
79,44,0.887763,104.496,72.4301,122.323,1,-1,-1,-1
79,43,1742.27,451.826,173.134,189.743,1,-1,-1,-1
79,42,1042.96,836.517,152.34,123.159,1,-1,-1,-1
79,41,341.866,531.849,151.906,74.5817,1,-1,-1,-1
79,38,201.576,244.468,119.192,140.065,1,-1,-1,-1
79,36,88.7414,168.737,95.028,162.661,1,-1,-1,-1
79,32,442.186,379.322,135.302,94.9689,1,-1,-1,-1
79,31,5.83362,225.646,91.7711,97.0289,1,-1,-1,-1
79,27,1365.51,276.028,165.84,68.547,1,-1,-1,-1
79,22,947.061,348.365,169.923,107.151,1,-1,-1,-1
79,17,701.842,373.841,147.303,89.1064,1,-1,-1,-1
79,14,1601.64,270.879,194.763,74.6823,1,-1,-1,-1
79,11,1264.44,386.832,160.933,60.6164,1,-1,-1,-1
79,7,1748.09,398.436,157.126,97.5867,1,-1,-1,-1
79,5,241.757,415.899,137.913,99.4388,1,-1,-1,-1
79,3,1498.68,438.369,195.872,122.068,1,-1,-1,-1
80,45,322.445,8.54745,86.2648,96.7367,1,-1,-1,-1
80,44,3.2059,126.7,67.7016,104.806,1,-1,-1,-1
80,43,1762.76,475.686,154.347,154.68,1,-1,-1,-1
80,42,1054.19,838.292,170.265,116.136,1,-1,-1,-1
80,41,316.547,534.994,165.786,100.01,1,-1,-1,-1
80,38,210.795,245.832,111.959,136.023,1,-1,-1,-1
80,36,106.065,176.003,82.99,127.483,1,-1,-1,-1
80,32,474.128,380.005,136.238,79.5208,1,-1,-1,-1
80,31,12.8049,230.619,117.703,92.1461,1,-1,-1,-1
80,27,1375,257.835,174.121,108.546,1,-1,-1,-1
80,22,976.49,351.953,166.927,111.359,1,-1,-1,-1
80,17,732.354,372.848,139.861,92.5406,1,-1,-1,-1
80,11,1283.35,364.47,178.252,107.356,1,-1,-1,-1
80,7,1754.4,376.864,160.066,134.637,1,-1,-1,-1
80,5,257.233,412.631,143.656,105.022,1,-1,-1,-1
80,3,1503.58,433.849,197.075,138.938,1,-1,-1,-1
81,47,0.602806,4.87079,117.922,111.452,1,-1,-1,-1
81,45,320.903,6.41273,89.9002,100.789,1,-1,-1,-1
81,44,0.918541,136.383,67.786,111.892,1,-1,-1,-1
81,43,1760.99,489.854,155.896,164.741,1,-1,-1,-1
81,42,1073.3,852.191,174.273,91.781,1,-1,-1,-1
81,41,297.126,537.719,158.74,83.9931,1,-1,-1,-1
81,38,211.152,266.761,111.715,114.788,1,-1,-1,-1
81,36,100.084,182.386,76.89,119.368,1,-1,-1,-1
81,32,478.203,372.554,151.651,98.3021,1,-1,-1,-1
81,31,27.3143,237.454,114.342,82.6595,1,-1,-1,-1
81,27,1416.47,283.595,172.222,74.1574,1,-1,-1,-1
81,22,993.574,361.759,165.904,106.794,1,-1,-1,-1
81,17,755.458,383.33,147.545,85.6352,1,-1,-1,-1
81,14,1680.76,289.413,194.317,70.6825,1,-1,-1,-1
81,11,1288.85,374.102,170.287,89.3402,1,-1,-1,-1
81,7,1763.72,390.386,154.241,128.437,1,-1,-1,-1
81,5,259.628,408.548,142.896,119.152,1,-1,-1,-1
81,3,1507.46,437.644,203.724,129.545,1,-1,-1,-1
82,47,1.39216,14.6154,116.344,117.11,1,-1,-1,-1
82,45,323.907,5.18017,87.6922,90.7018,1,-1,-1,-1
82,44,0.629612,144.505,64.8771,102.201,1,-1,-1,-1
82,43,1786,509.905,131.538,137.154,1,-1,-1,-1
82,42,1085.23,856.008,210.935,133.821,1,-1,-1,-1
82,41,259.789,551.465,158.653,81.274,1,-1,-1,-1
82,38,212.765,271.784,127.396,109.798,1,-1,-1,-1
82,36,102.63,196.274,87.8116,99.4607,1,-1,-1,-1
82,32,524.834,359.663,135.385,80.7254,1,-1,-1,-1
82,31,39.3636,254.544,96.5719,77.1019,1,-1,-1,-1
82,27,1454.06,291.26,167.676,78.4201,1,-1,-1,-1
82,22,1023.56,370.985,156.996,89.1501,1,-1,-1,-1
82,17,760.901,357.701,146.677,108.872,1,-1,-1,-1
82,14,1710.26,286.936,195.813,92.2387,1,-1,-1,-1
82,7,1782.11,426.42,135.851,90.8265,1,-1,-1,-1
82,5,301.408,418.507,121.754,85.738,1,-1,-1,-1
82,3,1552.41,434.506,186.451,74.6848,1,-1,-1,-1
83,47,3.6063,25.1924,112.106,126.002,1,-1,-1,-1
83,45,322.798,5.15794,86.1772,95.3863,1,-1,-1,-1
83,44,1.91573,152.222,56.2689,96.4918,1,-1,-1,-1
83,43,1790.86,529.549,127.517,101.957,1,-1,-1,-1
83,42,1105.5,849.153,191.444,130.979,1,-1,-1,-1
83,41,225.348,541.395,167.706,104.053,1,-1,-1,-1
83,38,218.891,267.505,144.86,115.093,1,-1,-1,-1
83,36,116.226,182.666,72.912,77.4071,1,-1,-1,-1
83,32,522.367,352.716,167.275,105.148,1,-1,-1,-1
83,31,33.811,259.99,95.0276,82.5255,1,-1,-1,-1
83,27,1481.78,311.872,165.281,74.1189,1,-1,-1,-1
83,22,1047.26,374.746,155.645,112.82,1,-1,-1,-1
83,17,768.592,364.358,157.267,106.297,1,-1,-1,-1
83,14,1739.39,304.364,179.148,71.4403,1,-1,-1,-1
83,11,1360.85,403.164,181.903,64.362,1,-1,-1,-1
83,7,1786.74,443.395,131.393,82.3074,1,-1,-1,-1
83,5,314.213,404.541,139.043,93.5843,1,-1,-1,-1
83,3,1591.87,428.705,189.084,83.5018,1,-1,-1,-1
84,48,114.554,236.801,78.6286,63.2856,1,-1,-1,-1
84,47,9.94038,49.1321,93.0203,102.172,1,-1,-1,-1
84,45,322.459,2.33801,85.9078,97.3386,1,-1,-1,-1
84,44,0.718992,146.156,55.4833,101.801,1,-1,-1,-1
84,43,1810.67,528.719,107.341,108.665,1,-1,-1,-1
84,42,1138.67,868.745,175.269,68.7205,1,-1,-1,-1
84,41,200.279,558.369,153.509,116.253,1,-1,-1,-1
84,38,249.537,273.327,124.535,90.6722,1,-1,-1,-1
84,36,125.503,175.765,74.5484,69.7186,1,-1,-1,-1
84,32,579.478,372.482,135.447,66.9831,1,-1,-1,-1
84,31,42.6565,264.632,80.4633,89.4412,1,-1,-1,-1
84,27,1507.16,309.738,176.759,56.1434,1,-1,-1,-1
84,22,1063.09,386.069,172.711,112.993,1,-1,-1,-1
84,17,805.52,382.589,145.529,88.8604,1,-1,-1,-1
84,14,1802.7,319.114,114.921,57.1035,1,-1,-1,-1
84,11,1398.37,390.968,185.616,51.3732,1,-1,-1,-1
84,7,1855.89,465.609,62.5056,56.7785,1,-1,-1,-1
84,5,343.522,412.038,113.445,77.8573,1,-1,-1,-1
84,3,1625.7,434.947,222.138,86.7885,1,-1,-1,-1
85,48,111.033,226.633,97.6308,72.1094,1,-1,-1,-1
85,47,7.59546,33.9836,107.264,108.94,1,-1,-1,-1
85,45,323.934,2.67,87.1224,98.1298,1,-1,-1,-1
85,44,0.692435,154.777,56.9581,98.0537,1,-1,-1,-1
85,42,1148.73,829.342,183.592,163.944,1,-1,-1,-1
85,41,185.191,555.133,161.985,107.452,1,-1,-1,-1
85,38,258.497,267.84,127.818,78.7987,1,-1,-1,-1
85,36,127.493,173.283,79.1295,73.984,1,-1,-1,-1
85,32,608.017,378.66,135.141,73.7203,1,-1,-1,-1
85,31,53.6198,272.894,84.2619,98.2168,1,-1,-1,-1
85,22,1090.59,392.483,178.598,107.585,1,-1,-1,-1
85,17,830.343,375.074,150.422,86.3647,1,-1,-1,-1
85,11,1417.92,388.589,178.151,76.2074,1,-1,-1,-1
85,5,350.939,386.843,134.665,96.4253,1,-1,-1,-1
85,3,1657.12,444.88,185.453,72.6479,1,-1,-1,-1
86,48,123.409,231.741,106.547,67.2005,1,-1,-1,-1
86,47,12.3397,46.1896,105.527,134.487,1,-1,-1,-1
86,44,0.863302,171.778,45.7731,114.487,1,-1,-1,-1
86,43,1846.51,546.918,71.4396,84.9291,1,-1,-1,-1
86,42,1145.01,822.006,184.322,148.193,1,-1,-1,-1
86,41,151.797,573.537,163.523,97.7382,1,-1,-1,-1
86,38,269.837,260.02,152.473,106.169,1,-1,-1,-1
86,36,147.998,167.225,58.7903,64.6093,1,-1,-1,-1
86,32,629.466,361.359,140.66,92.6096,1,-1,-1,-1
86,31,48.643,281.06,91.943,99.4391,1,-1,-1,-1
86,27,1609.12,315.818,187.306,99.145,1,-1,-1,-1
86,22,1128.24,406.172,180.163,102.164,1,-1,-1,-1
86,17,857.261,362.474,147.854,88.1474,1,-1,-1,-1
86,11,1444.34,379.919,173.926,75.4745,1,-1,-1,-1
86,5,375.261,390.908,122.239,76.3352,1,-1,-1,-1
86,3,1681.81,448.549,205.841,100.032,1,-1,-1,-1
87,48,121.244,217.207,148.128,88.0505,1,-1,-1,-1
87,47,27.9808,56.1921,89.5587,132.138,1,-1,-1,-1
87,45,296.379,3.04541,93.5947,77.5133,1,-1,-1,-1
87,44,1.63762,188.011,50.7864,127.018,1,-1,-1,-1
87,42,1141.59,812.671,157.945,156.362,1,-1,-1,-1
87,41,123.678,587.941,171.467,126.999,1,-1,-1,-1
87,38,273.266,252.767,161.881,112.856,1,-1,-1,-1
87,36,146.182,166.11,64.9505,60.1918,1,-1,-1,-1
87,32,661.506,379.607,132.62,68.5143,1,-1,-1,-1
87,31,63.5112,304.296,80.09,96.2532,1,-1,-1,-1
87,27,1639.11,312.678,184.619,94.9466,1,-1,-1,-1
87,22,1159.54,407.745,169.395,112.026,1,-1,-1,-1
87,17,875.933,345.763,162.529,99.3455,1,-1,-1,-1
87,11,1464.21,394.671,186.365,83.2225,1,-1,-1,-1
87,5,409.906,386.7,139.514,62.9745,1,-1,-1,-1
87,3,1723.3,433.065,195.08,119.421,1,-1,-1,-1
88,48,149.046,223.937,119.844,91.4913,1,-1,-1,-1
88,47,32.987,65.942,90.6801,121.898,1,-1,-1,-1
88,45,300.522,6.04978,81.3641,75.7053,1,-1,-1,-1
88,44,1.88847,190.495,56.3746,137.932,1,-1,-1,-1
88,42,1150.01,794.003,165.085,174.127,1,-1,-1,-1
88,41,99.5234,601.101,192.204,142.385,1,-1,-1,-1
88,38,300.63,257.194,141.646,107.802,1,-1,-1,-1
88,36,144.825,165.442,77.2925,61.4796,1,-1,-1,-1
88,32,680.138,362.964,145.706,91.3046,1,-1,-1,-1
88,31,64.3159,307.834,71.6835,91.969,1,-1,-1,-1
88,22,1179.44,404.86,186.773,118.102,1,-1,-1,-1
88,17,908.166,344.258,150.98,104.221,1,-1,-1,-1
88,5,426.045,366.487,133.758,98.2913,1,-1,-1,-1
88,3,1741.57,435.207,176.56,113.186,1,-1,-1,-1
89,48,155.417,231.336,116.526,85.2392,1,-1,-1,-1
89,47,24.9867,67.3228,94.9403,121.348,1,-1,-1,-1
89,45,297.292,6.01602,78.9504,59.4693,1,-1,-1,-1
89,44,0.646934,209.729,47.981,88.8501,1,-1,-1,-1
89,42,1150.16,781.727,157.76,188.427,1,-1,-1,-1
89,41,116.317,608.922,167.309,135.847,1,-1,-1,-1
89,38,308.382,269.678,130.274,94.7243,1,-1,-1,-1
89,36,143.695,160.148,84.3651,69.0133,1,-1,-1,-1
89,32,702.261,373.248,132.337,81.1272,1,-1,-1,-1
89,31,54.6411,310.499,74.2071,87.6933,1,-1,-1,-1
89,22,1207.6,413.598,179.001,98.0586,1,-1,-1,-1
89,17,946.492,352.671,143.912,90.3724,1,-1,-1,-1
89,11,1506.67,414.001,179.631,68.5316,1,-1,-1,-1
89,5,451.283,386.724,138.432,75.7946,1,-1,-1,-1
89,3,1782.9,440.5,135.161,105.485,1,-1,-1,-1
90,48,160.332,240.222,119.762,77.5772,1,-1,-1,-1
90,47,33.1879,75.0844,102.847,112.222,1,-1,-1,-1
90,45,277.393,14.8667,89.6487,61.08,1,-1,-1,-1
90,42,1155.62,738.94,144.366,191.513,1,-1,-1,-1
90,41,120.361,607.174,162.562,131.388,1,-1,-1,-1
90,38,307.755,257.559,145.556,125.766,1,-1,-1,-1
90,36,149.19,156.466,96.0617,70.2011,1,-1,-1,-1
90,32,732.991,371.968,122.199,73.0023,1,-1,-1,-1
90,31,41.3118,311.398,84.161,94.6355,1,-1,-1,-1
90,22,1221.95,410.651,183.225,95.4377,1,-1,-1,-1
90,17,961.657,334.349,158.124,105.996,1,-1,-1,-1
90,11,1537.01,415.748,189.998,67.3698,1,-1,-1,-1
90,5,463.468,368.654,144.974,87.9917,1,-1,-1,-1
90,3,1787.02,452.124,130.991,101.503,1,-1,-1,-1
90,2,1740.38,290.999,177.641,85.022,1,-1,-1,-1
91,48,166.29,238.319,126.395,85.5758,1,-1,-1,-1
91,45,262.495,13.2308,110.347,75.3282,1,-1,-1,-1
91,42,1156.94,730.804,150.676,163.714,1,-1,-1,-1
91,41,122.238,609.792,157.606,85.9771,1,-1,-1,-1
91,38,339.182,271.589,118.135,95.0765,1,-1,-1,-1
91,36,152.515,158.542,99.3443,72.736,1,-1,-1,-1
91,32,750.536,374.357,123.097,68.8534,1,-1,-1,-1
91,31,32.4592,312.893,90.6002,95.9553,1,-1,-1,-1
91,22,1269.93,397.109,199.394,90.768,1,-1,-1,-1
91,17,972.411,331.452,157.907,101.523,1,-1,-1,-1
91,11,1560.94,411.798,187.661,74.8529,1,-1,-1,-1
91,5,496.636,369.069,137.967,74.0768,1,-1,-1,-1
91,3,1797.1,456.335,121.547,90.6627,1,-1,-1,-1
91,2,1757.7,275.964,160.948,107.428,1,-1,-1,-1
92,48,192.863,245.574,108.968,96.2819,1,-1,-1,-1
92,47,47.393,122.608,116.823,114.787,1,-1,-1,-1
92,45,255.264,15.0612,96.52,59.4487,1,-1,-1,-1
92,42,1168.5,700.578,132.903,165.666,1,-1,-1,-1
92,41,128.422,589.751,164.369,100.746,1,-1,-1,-1
92,38,363.94,280.686,122.125,104.586,1,-1,-1,-1
92,36,167.953,156.727,143.94,71.3059,1,-1,-1,-1
92,32,741.686,379.162,138.302,78.7956,1,-1,-1,-1
92,31,22.2705,316.713,101.538,100.926,1,-1,-1,-1
92,22,1285.14,394.556,187.761,86.8702,1,-1,-1,-1
92,17,1014.19,323.724,155.583,110.712,1,-1,-1,-1
92,11,1584.71,413.554,186.915,62.8929,1,-1,-1,-1
92,5,514.346,358.179,144.572,95.0511,1,-1,-1,-1
92,2,1767.47,278.123,151.101,99.5051,1,-1,-1,-1
93,49,0.596682,91.3527,49.7205,91.4445,1,-1,-1,-1
93,48,208.371,263.734,111.596,94.8147,1,-1,-1,-1
93,47,47.9606,121.935,116.075,116.153,1,-1,-1,-1
93,45,249.915,14.45,78.3839,47.8249,1,-1,-1,-1
93,42,1192.65,681.519,132.251,211.149,1,-1,-1,-1
93,41,128.177,575.033,173.896,118.093,1,-1,-1,-1
93,38,369.261,276.243,135.286,115.416,1,-1,-1,-1
93,36,181.646,168.033,137.063,75.5771,1,-1,-1,-1
93,32,761.197,389.225,135.211,69.8838,1,-1,-1,-1
93,31,21.1884,316.135,97.5984,99.9106,1,-1,-1,-1
93,22,1319.05,381.269,197.167,90.7331,1,-1,-1,-1
93,17,1036.56,327.998,156.729,97.1228,1,-1,-1,-1
93,11,1618.45,402.356,197.049,86.2132,1,-1,-1,-1
93,5,546.817,371.267,132.257,73.0484,1,-1,-1,-1
93,2,1762.66,270.808,155.766,112.501,1,-1,-1,-1
94,48,218.399,273.294,115.063,94.4315,1,-1,-1,-1
94,47,48.0828,133.094,113.879,102.781,1,-1,-1,-1
94,45,224.981,11.9739,90.1058,59.0426,1,-1,-1,-1
94,42,1196.39,663.156,115.537,158.972,1,-1,-1,-1
94,41,130.424,543.934,176.731,140.892,1,-1,-1,-1
94,38,367.891,270.937,158.021,123.391,1,-1,-1,-1
94,36,186.204,165.401,138.025,94.2311,1,-1,-1,-1
94,32,797.298,387.518,139.965,72.7672,1,-1,-1,-1
94,31,22.6433,315.065,94.1599,99.8823,1,-1,-1,-1
94,22,1350.73,370.144,197.744,100.975,1,-1,-1,-1
94,17,1069.26,326.944,163.908,111.809,1,-1,-1,-1
94,11,1663.67,403.621,243.944,122.832,1,-1,-1,-1
94,5,577.546,384.048,143.3,79.255,1,-1,-1,-1
94,2,1756.79,277.187,161.848,107.674,1,-1,-1,-1
95,49,0.724977,96.6932,51.4633,97.704,1,-1,-1,-1
95,48,235.677,283.185,107.813,121.096,1,-1,-1,-1
95,47,47.8008,141.571,116.686,112.019,1,-1,-1,-1
95,45,199.266,8.18141,105.345,74.5431,1,-1,-1,-1
95,44,0.422878,227.42,75.8919,111.886,1,-1,-1,-1
95,42,1206.78,661.921,105.328,129.198,1,-1,-1,-1
95,41,131.666,532.324,178.239,131.23,1,-1,-1,-1
95,38,370.832,278.076,154.87,126.369,1,-1,-1,-1
95,36,194.188,173.537,137.48,93.4538,1,-1,-1,-1
95,32,801.058,379.849,148.262,87.5781,1,-1,-1,-1
95,31,29.0342,309.812,87.2227,90.1261,1,-1,-1,-1
95,22,1357.4,371.561,209.324,104.942,1,-1,-1,-1
95,17,1081.69,311.874,179.326,137.371,1,-1,-1,-1
95,5,588.996,384.507,152.571,82.7716,1,-1,-1,-1
95,2,1783.81,303.008,134.84,63.8404,1,-1,-1,-1
96,49,1.00067,106.248,48.6098,93.7871,1,-1,-1,-1
96,48,237.245,296.318,111.893,101.11,1,-1,-1,-1
96,47,70.7027,162.04,87.095,114.893,1,-1,-1,-1
96,45,208.329,0.811731,95.1484,76.3044,1,-1,-1,-1
96,44,0.361789,231.054,76.9519,108.622,1,-1,-1,-1
96,42,1180.18,632.921,176.024,184.99,1,-1,-1,-1
96,41,137.476,505.315,127.123,149.875,1,-1,-1,-1
96,38,375.135,279.198,137.308,138.746,1,-1,-1,-1
96,36,218.013,181.276,129.06,97.3937,1,-1,-1,-1
96,32,823.167,396.964,130.582,77.9384,1,-1,-1,-1
96,31,53.5835,303.043,75.0443,83.0184,1,-1,-1,-1
96,22,1375.61,377.162,217.732,95.1412,1,-1,-1,-1
96,17,1115.18,314.289,167.792,116.694,1,-1,-1,-1
96,11,1727.51,414.096,178.839,113.102,1,-1,-1,-1
96,2,1801.1,303.875,116.863,69.6762,1,-1,-1,-1
97,49,0.8834,120.289,54.8826,99.1834,1,-1,-1,-1
97,48,250.258,313.879,123.848,102.312,1,-1,-1,-1
97,47,75.0143,185.702,76.2922,97.5471,1,-1,-1,-1
97,45,215.757,0.890753,75.738,58.4342,1,-1,-1,-1
97,44,0.484516,234.454,69.187,104.435,1,-1,-1,-1
97,42,1244,616.84,116.747,140.793,1,-1,-1,-1
97,41,121.315,497.07,128.877,136.366,1,-1,-1,-1
97,38,392.707,306.076,107.87,118.404,1,-1,-1,-1
97,36,200.353,184.323,156.41,104.013,1,-1,-1,-1
97,32,846.127,390.79,138.094,67.0575,1,-1,-1,-1
97,31,61.4323,288.182,79.2978,78.261,1,-1,-1,-1
97,22,1421.72,369.083,213.292,138.571,1,-1,-1,-1
97,17,1149,339.475,161.076,82.1001,1,-1,-1,-1
97,11,1732.11,416.417,184.894,112.573,1,-1,-1,-1
97,5,658.369,397.242,141.127,73.6719,1,-1,-1,-1
97,2,1824.13,297.372,93.9725,67.0832,1,-1,-1,-1
98,49,0.948649,127.992,53.6682,95.0635,1,-1,-1,-1
98,48,257.001,312.593,124.688,105.511,1,-1,-1,-1
98,47,72.9703,186.337,80.9211,86.1397,1,-1,-1,-1
98,44,0.395992,232.648,83.5125,110.849,1,-1,-1,-1
98,42,1252.66,597.955,124.624,143.596,1,-1,-1,-1
98,41,105.065,477.318,146.464,119.186,1,-1,-1,-1
98,38,396.387,321.717,120.093,158.266,1,-1,-1,-1
98,36,239.635,195.377,115.202,85.9137,1,-1,-1,-1
98,32,875.503,361.371,155.695,101.566,1,-1,-1,-1
98,31,70.2368,273.729,63.998,68.9217,1,-1,-1,-1
98,22,1444.26,354.135,205.103,101.013,1,-1,-1,-1
98,17,1188.9,331.161,176.082,86.5612,1,-1,-1,-1
98,11,1757.07,410.724,161.408,120.092,1,-1,-1,-1
98,5,684.625,392.715,154.072,79.656,1,-1,-1,-1
98,2,1843.32,294.254,74.8573,73.9633,1,-1,-1,-1
99,50,1811.09,96.5975,106.787,78.8541,1,-1,-1,-1
99,49,0.6627,128.286,48.1142,97.1551,1,-1,-1,-1
99,48,273.087,323.103,120.156,94.0429,1,-1,-1,-1
99,47,88.459,186.865,72.7891,79.8164,1,-1,-1,-1
99,44,1.19217,245.304,84.7046,97.4445,1,-1,-1,-1
99,42,1250.75,565.104,126.679,154.414,1,-1,-1,-1
99,41,90.9193,462.399,114.436,110.278,1,-1,-1,-1
99,38,409.629,329.929,117.187,147.235,1,-1,-1,-1
99,36,267.9,201.593,120.284,88.5586,1,-1,-1,-1
99,32,886.543,370.137,142.175,87.7081,1,-1,-1,-1
99,31,88.3106,265.569,63.1372,68.7469,1,-1,-1,-1
99,22,1478.45,371.051,214.949,94.4576,1,-1,-1,-1
99,17,1216.58,327.64,165.881,92.9423,1,-1,-1,-1
99,11,1783.56,431.702,134.952,78.2895,1,-1,-1,-1
99,5,718.107,397.583,135.246,85.4709,1,-1,-1,-1
99,2,1855.96,296.866,62.1246,61.215,1,-1,-1,-1
100,50,1759.48,112.053,159.132,88.6159,1,-1,-1,-1
100,49,0.668289,138.304,48.3089,95.5415,1,-1,-1,-1
100,48,294.845,331.567,124.859,100.654,1,-1,-1,-1
100,47,92.3735,202.623,74.6276,118.304,1,-1,-1,-1
100,44,1.98314,260.864,97.087,98.0416,1,-1,-1,-1
100,42,1251.64,543.939,145.213,166.562,1,-1,-1,-1
100,41,51.4066,440.978,134.632,119.545,1,-1,-1,-1
100,38,416.239,336.4,125.468,140.597,1,-1,-1,-1
100,36,271.671,208.34,119.697,84.8629,1,-1,-1,-1
100,22,1520.7,364.7,224.989,148.959,1,-1,-1,-1
100,17,1255.97,324.209,172.239,95.4023,1,-1,-1,-1
101,50,1755.28,100.905,163.366,106.666,1,-1,-1,-1
101,49,0.747724,148.892,57.1322,95.1705,1,-1,-1,-1
101,48,311.395,347.552,128.588,109.008,1,-1,-1,-1
101,47,103.837,240.018,61.7929,75.0617,1,-1,-1,-1
101,44,1.59688,261.134,110.856,97.8941,1,-1,-1,-1
101,42,1247.47,542.397,145.46,153.955,1,-1,-1,-1
101,41,26.3593,441.602,143.249,94.067,1,-1,-1,-1
101,38,425.529,365.62,74.1029,116.714,1,-1,-1,-1
101,36,296.745,216.678,102.05,85.9615,1,-1,-1,-1
101,32,943.962,370.238,150.267,88.5589,1,-1,-1,-1
101,22,1529.91,357.719,215.14,134.748,1,-1,-1,-1
101,17,1273.88,325.196,184.663,105.238,1,-1,-1,-1
101,5,767.013,391.757,160.253,87.378,1,-1,-1,-1
