1,12,1859.73,402.517,58.918,411.285,1,-1,-1,-1
1,11,1263.5,337.559,114.352,406.106,1,-1,-1,-1
1,10,1537.36,412.623,123.475,420.471,1,-1,-1,-1
1,9,1152.09,412.103,115.514,446.436,1,-1,-1,-1
1,8,1365.53,368.971,143.6,407.53,1,-1,-1,-1
1,7,881.696,343.527,102.086,419.179,1,-1,-1,-1
1,6,620.113,401.312,112.328,426.155,1,-1,-1,-1
1,5,757.528,436.426,117.371,445.443,1,-1,-1,-1
1,4,1013.78,373.309,103.404,436.293,1,-1,-1,-1
1,3,388.994,323.377,95.1376,406.682,1,-1,-1,-1
1,2,498.548,362.132,96.7756,418.663,1,-1,-1,-1
1,1,261.708,284.324,90.0507,400.989,1,-1,-1,-1
2,13,1744.73,370.449,107.316,396.973,1,-1,-1,-1
2,11,1273.02,332.656,111.756,405.914,1,-1,-1,-1
2,10,1539.49,406.509,130.524,421.966,1,-1,-1,-1
2,9,1163.09,405.967,113.954,447.247,1,-1,-1,-1
2,7,893.065,338.269,98.5596,419.153,1,-1,-1,-1
2,6,626.936,396.841,113.341,426.363,1,-1,-1,-1
2,5,765.585,429.14,119.632,447.308,1,-1,-1,-1
2,4,1024.41,368.352,101.504,435.135,1,-1,-1,-1
2,3,398.72,318.936,95.0433,405.243,1,-1,-1,-1
2,2,507.91,357.007,96.2135,417.354,1,-1,-1,-1
2,1,271.904,279.052,89.4087,400.689,1,-1,-1,-1
3,13,1738.39,370.364,121.038,393.176,1,-1,-1,-1
3,11,1277.27,332.106,129.281,405.013,1,-1,-1,-1
3,9,1166.81,405.244,115.269,447.184,1,-1,-1,-1
3,7,895.39,337.627,101.237,419.807,1,-1,-1,-1
3,6,622.083,396.864,123.509,426.464,1,-1,-1,-1
3,5,773.612,429.666,117.002,444.881,1,-1,-1,-1
3,4,1025.42,368.011,105.471,435.111,1,-1,-1,-1
3,3,402.885,319.044,97.3046,405.132,1,-1,-1,-1
3,2,514.094,356.077,96.8118,418.42,1,-1,-1,-1
3,1,277.137,278.175,90.1698,401.125,1,-1,-1,-1
4,13,1728.49,368.161,135.717,389.613,1,-1,-1,-1
4,11,1269.47,330.55,124.306,403.675,1,-1,-1,-1
4,9,1161.27,403.835,117.752,444.628,1,-1,-1,-1
4,7,885.428,334.655,105.373,418.788,1,-1,-1,-1
4,6,610.287,395.625,131.646,419.336,1,-1,-1,-1
4,5,774.043,428.838,122.575,442.011,1,-1,-1,-1
4,4,1018.82,366.013,107.131,429.741,1,-1,-1,-1
4,3,399.755,318.187,97.5535,401.854,1,-1,-1,-1
4,2,509.364,352.825,98.1656,417.053,1,-1,-1,-1
4,1,272.42,275.675,92.4705,400.142,1,-1,-1,-1
5,11,1265.62,321.409,130.519,401.997,1,-1,-1,-1
5,9,1158.66,396.669,123.089,445.048,1,-1,-1,-1
5,7,879.687,326.759,113.659,417.502,1,-1,-1,-1
5,6,622.651,389.23,122.094,413.233,1,-1,-1,-1
5,4,998.814,359.032,137.205,427.668,1,-1,-1,-1
5,3,397.452,311.369,104.594,397.566,1,-1,-1,-1
5,2,512.85,344.281,100.101,417.187,1,-1,-1,-1
5,1,270.016,269.03,99.2315,398.975,1,-1,-1,-1
6,14,1109.5,288.684,134.035,387.867,1,-1,-1,-1
6,13,1676.16,255.324,131.763,352.76,1,-1,-1,-1
6,11,1266.86,316.915,136.02,399.792,1,-1,-1,-1
6,10,1511.86,392.735,176.12,412.547,1,-1,-1,-1
6,9,1162.4,394.097,124.536,444.391,1,-1,-1,-1
6,7,873.577,322.205,125.397,419.853,1,-1,-1,-1
6,5,742.482,416.672,181.489,443.785,1,-1,-1,-1
6,4,974.396,352.732,179.522,430,1,-1,-1,-1
6,3,390.783,307.777,117.754,395.304,1,-1,-1,-1
6,2,515.558,341.073,102.06,415.864,1,-1,-1,-1
6,1,265.043,265.625,109.622,398.509,1,-1,-1,-1
7,13,1704.82,350.999,169.143,395.759,1,-1,-1,-1
7,9,1167.46,394.588,122.482,439.12,1,-1,-1,-1
7,8,1352.72,345.188,188.623,419.236,1,-1,-1,-1
7,7,870.064,320.168,133.782,421.44,1,-1,-1,-1
7,6,570.256,384.717,180.089,410.225,1,-1,-1,-1
7,5,712.152,416.363,220.766,444.522,1,-1,-1,-1
7,3,378.695,306.022,145.437,393.644,1,-1,-1,-1
7,2,518.55,337.446,101.494,414.401,1,-1,-1,-1
7,1,254.912,264.135,125.724,397.659,1,-1,-1,-1
8,10,1462.9,385.024,266.763,417.99,1,-1,-1,-1
8,9,1122.3,393.17,173.229,439.168,1,-1,-1,-1
8,8,1359.8,343.898,176.959,419.727,1,-1,-1,-1
8,7,869.375,320.249,136.422,419.997,1,-1,-1,-1
8,6,560.999,382.164,190.934,410.449,1,-1,-1,-1
8,5,711.256,415.635,223.274,443.207,1,-1,-1,-1
8,4,967.734,345.936,181.673,437.081,1,-1,-1,-1
8,3,363.812,305.953,170.731,390.771,1,-1,-1,-1
8,1,240.179,263.035,149.259,396.695,1,-1,-1,-1
9,13,1707.36,348.843,164.315,396.925,1,-1,-1,-1
9,10,1464.4,383.174,267.767,421.285,1,-1,-1,-1
9,9,1118.33,393.753,179.006,438.358,1,-1,-1,-1
9,8,1360.88,342.315,172.546,417.913,1,-1,-1,-1
9,7,870.512,320.131,138.633,417.13,1,-1,-1,-1
9,6,558.726,377.969,192.378,415.131,1,-1,-1,-1
9,5,711.283,415.454,218.652,440.345,1,-1,-1,-1
9,3,351.918,304.773,189.153,387.939,1,-1,-1,-1
9,1,226.985,263.705,169.575,392.664,1,-1,-1,-1
10,13,1713.13,347.172,159.014,395.805,1,-1,-1,-1
10,10,1474.14,381.989,234.364,421.564,1,-1,-1,-1
10,9,1124.81,391.594,174.908,437.823,1,-1,-1,-1
10,7,883.83,318.155,128.048,416.562,1,-1,-1,-1
10,6,561.27,375.781,186.768,426.864,1,-1,-1,-1
10,5,710.098,414.602,204.094,440.151,1,-1,-1,-1
10,4,1024.54,348.384,115.063,431.739,1,-1,-1,-1
10,3,346.974,302.159,198.225,389.143,1,-1,-1,-1
10,1,213.226,261.785,188.837,393.516,1,-1,-1,-1
11,11,1280.09,309.963,122.953,400.868,1,-1,-1,-1
11,10,1511.09,381.217,179.72,418.345,1,-1,-1,-1
11,8,1419.85,341.346,112.256,413.561,1,-1,-1,-1
11,7,912.232,315.705,100.278,417.145,1,-1,-1,-1
11,6,566.225,376.669,184.147,423.07,1,-1,-1,-1
11,5,724.075,414.092,194.835,437.795,1,-1,-1,-1
11,3,350.409,300.701,191.145,391.453,1,-1,-1,-1
11,1,205.033,261.785,198.025,392.313,1,-1,-1,-1
12,11,1307,306.641,100.267,400.857,1,-1,-1,-1
12,10,1543.83,378.891,155.995,415.841,1,-1,-1,-1
12,9,1162.51,380.082,137.191,442.654,1,-1,-1,-1
12,8,1424.5,338.24,125.685,412.583,1,-1,-1,-1
12,7,917.296,311.479,105.897,417.629,1,-1,-1,-1
12,6,580.412,374.724,178.926,422.906,1,-1,-1,-1
12,5,782.931,412.193,148.207,436.816,1,-1,-1,-1
12,4,1027.06,348.891,126.812,423.519,1,-1,-1,-1
12,3,367.828,297.916,167.53,391.644,1,-1,-1,-1
12,1,211.362,259.738,203.132,392.277,1,-1,-1,-1
13,13,1770.34,350.54,110.391,380.098,1,-1,-1,-1
13,11,1324.8,301.8,97.0408,402.039,1,-1,-1,-1
13,10,1576.59,375.775,139.792,416.003,1,-1,-1,-1
13,9,1179.89,381.379,125.55,439.146,1,-1,-1,-1
13,7,925.29,308.038,115.367,416.915,1,-1,-1,-1
13,6,638.547,372.04,132.473,422.673,1,-1,-1,-1
13,5,791.831,408.017,158.468,436.697,1,-1,-1,-1
13,3,388.424,294.026,142.226,393.124,1,-1,-1,-1
13,1,225.64,257.38,202.076,391.385,1,-1,-1,-1
14,13,1778.91,337.376,117.045,390.718,1,-1,-1,-1
14,10,1580.03,371.821,150.947,414.854,1,-1,-1,-1
14,9,1196.89,375.245,125.394,442.642,1,-1,-1,-1
14,8,1430.69,330.929,138.964,411.386,1,-1,-1,-1
14,7,928.467,303.151,127.147,416.521,1,-1,-1,-1
14,6,648.627,369.208,119.183,420.665,1,-1,-1,-1
14,5,791.631,401.81,171.698,436.887,1,-1,-1,-1
14,4,1032.49,339.319,155.822,426.14,1,-1,-1,-1
14,3,407.405,288.455,126.74,393.595,1,-1,-1,-1
14,2,559.795,316.989,102.555,410.123,1,-1,-1,-1
14,1,239.764,251.2,196.58,391.852,1,-1,-1,-1
15,15,1543.36,269.674,90.8165,362.628,1,-1,-1,-1
15,13,1779.83,332.837,128.405,392.399,1,-1,-1,-1
15,11,1322.91,292.658,125.835,401.773,1,-1,-1,-1
15,10,1578.27,366.968,167.459,417.55,1,-1,-1,-1
15,9,1195.82,373.558,137.93,441.067,1,-1,-1,-1
15,8,1430.39,325.971,150.161,412.738,1,-1,-1,-1
15,6,649.956,369.074,122.151,416.585,1,-1,-1,-1
15,5,787.026,402.21,190.75,433.493,1,-1,-1,-1
15,4,1036.94,338.792,161.703,423.231,1,-1,-1,-1
15,3,417.958,284.687,124.699,393.528,1,-1,-1,-1
15,2,556.803,314.192,115.691,408.747,1,-1,-1,-1
15,1,264.59,246.113,171.651,392.926,1,-1,-1,-1
16,13,1782.12,331.903,135.03,390.534,1,-1,-1,-1
16,11,1323.05,289.547,129.697,383.975,1,-1,-1,-1
16,10,1571.05,364.933,188.303,417.081,1,-1,-1,-1
16,9,1194.35,372.428,152.942,438.303,1,-1,-1,-1
16,8,1416.57,323.645,179.213,414.458,1,-1,-1,-1
16,7,924.605,301.842,142.034,405.718,1,-1,-1,-1
16,5,782.275,403.839,207.692,430.104,1,-1,-1,-1
16,3,418.338,283.597,131.909,393.167,1,-1,-1,-1
16,2,555.648,312.359,124.976,399.235,1,-1,-1,-1
16,1,278.978,244.103,156.562,392.462,1,-1,-1,-1
17,16,1676.46,283.094,126.266,393.498,1,-1,-1,-1
17,13,1776.2,330.146,141.797,390.469,1,-1,-1,-1
17,11,1328.64,285.956,133.904,390.661,1,-1,-1,-1
17,10,1575.38,366.188,197.626,414.479,1,-1,-1,-1
17,9,1187.53,373.57,173.921,436.515,1,-1,-1,-1
17,8,1420.98,322.184,186.119,413.313,1,-1,-1,-1
17,7,925.819,300.544,148.39,390.983,1,-1,-1,-1
17,6,625.492,367.454,172.99,415.44,1,-1,-1,-1
17,5,764.05,404.888,243.344,427.011,1,-1,-1,-1
17,4,1019.91,339.655,198.631,416.373,1,-1,-1,-1
17,3,411.042,281.727,149.495,393.778,1,-1,-1,-1
17,1,302.397,231.35,124.531,403.193,1,-1,-1,-1
18,16,1676.96,282.069,127.456,393.961,1,-1,-1,-1
18,13,1766.43,330.718,151.847,389.631,1,-1,-1,-1
18,11,1334.1,286.281,134.118,386.512,1,-1,-1,-1
18,10,1569.37,365.317,213.521,415.153,1,-1,-1,-1
18,9,1179.85,377.331,192.307,433.236,1,-1,-1,-1
18,8,1411.61,323.532,193.519,411.602,1,-1,-1,-1
18,6,633.377,364.111,175.034,418.053,1,-1,-1,-1
18,5,765.612,404.452,250.425,428.46,1,-1,-1,-1
18,4,1009.79,339.12,203.7,415.606,1,-1,-1,-1
18,3,402.679,284.088,163.16,392.404,1,-1,-1,-1
18,2,559.416,312.381,126.039,383.914,1,-1,-1,-1
18,1,316.848,233.781,111.3,402.471,1,-1,-1,-1
19,13,1755.84,329.615,162.388,392.429,1,-1,-1,-1
19,10,1540.28,364.829,249.52,416.403,1,-1,-1,-1
19,9,1179.58,380.652,205.032,428.875,1,-1,-1,-1
19,8,1415.93,324.807,193.57,409.07,1,-1,-1,-1
19,6,617.282,362.024,202.172,420.137,1,-1,-1,-1
19,5,761.24,404.64,262.034,428.774,1,-1,-1,-1
19,3,401.814,286.82,170.549,396.371,1,-1,-1,-1
19,1,312.578,245.908,119.267,393.062,1,-1,-1,-1
20,9,1182.78,374.702,214.95,435.687,1,-1,-1,-1
20,8,1424.7,325.094,202.25,407.947,1,-1,-1,-1
20,6,613.553,358.467,213.081,425.833,1,-1,-1,-1
20,5,769.503,401.156,254.84,431.872,1,-1,-1,-1
20,3,410.552,286.776,171.761,402.271,1,-1,-1,-1
20,1,303.795,246.845,134.344,392.475,1,-1,-1,-1
21,10,1600.91,363.165,177.743,414.746,1,-1,-1,-1
21,9,1196.35,367.417,207.114,444.29,1,-1,-1,-1
21,5,787.357,401.227,222.839,428.089,1,-1,-1,-1
21,4,1058.2,335.897,159.642,411.809,1,-1,-1,-1
21,3,424.308,292.151,165.569,399.458,1,-1,-1,-1
21,1,290.53,248.525,154.424,397.045,1,-1,-1,-1
22,16,1722.66,282.792,98.3063,384.109,1,-1,-1,-1
22,13,1801.05,330.422,117.195,386.865,1,-1,-1,-1
22,10,1601.35,364.627,160.874,414.343,1,-1,-1,-1
22,9,1198.58,367.74,200.803,447.273,1,-1,-1,-1
22,8,1464.93,329.465,166.724,405.351,1,-1,-1,-1
22,7,946.828,288.93,148.372,399.521,1,-1,-1,-1
22,6,632.831,362.259,195.311,426.135,1,-1,-1,-1
22,5,795.996,399.77,192.912,429.838,1,-1,-1,-1
22,3,436.726,298.167,159.996,398.985,1,-1,-1,-1
22,1,288.755,253.332,166.304,398.746,1,-1,-1,-1
23,17,858.546,290.601,124.195,346.021,1,-1,-1,-1
23,13,1817.5,332.632,100.272,390.346,1,-1,-1,-1
23,10,1610.55,363.878,131.987,420.568,1,-1,-1,-1
23,9,1207.82,368.249,177.057,446.402,1,-1,-1,-1
23,8,1483.37,333.57,138.416,403.121,1,-1,-1,-1
23,7,959.116,289.657,127.541,399.586,1,-1,-1,-1
23,6,643.84,366.904,167.432,424.018,1,-1,-1,-1
23,5,810.187,402.784,152.727,431.113,1,-1,-1,-1
23,3,449.225,302.425,157.09,398.536,1,-1,-1,-1
23,1,296.273,256.248,163.697,399.374,1,-1,-1,-1
24,17,862.495,296.759,125.747,344.032,1,-1,-1,-1
24,16,1719.9,291.86,115.14,383.016,1,-1,-1,-1
24,13,1824.56,336.583,92.9253,392.18,1,-1,-1,-1
24,10,1600.69,374.995,113.971,413.963,1,-1,-1,-1
24,9,1218.84,371.008,140.841,448.911,1,-1,-1,-1
24,8,1485.96,337.81,107.812,405.509,1,-1,-1,-1
24,7,966.168,291.327,120.32,401.411,1,-1,-1,-1
24,6,637.818,370.322,144.557,424.624,1,-1,-1,-1
24,5,803.484,406,128.743,431.366,1,-1,-1,-1
24,4,1060.54,337.012,113.14,421.373,1,-1,-1,-1
24,3,452.997,306.948,155.895,399.23,1,-1,-1,-1
24,1,300.796,260.115,154.702,403.099,1,-1,-1,-1
25,18,1285.14,298.844,128.244,379.076,1,-1,-1,-1
25,17,862.943,304.815,126.104,357.378,1,-1,-1,-1
25,16,1709.56,300.097,120.814,379.845,1,-1,-1,-1
25,13,1814.82,341.974,87.9163,393.088,1,-1,-1,-1
25,11,1384.21,303.976,93.8376,376.97,1,-1,-1,-1
25,10,1576.15,378.914,137.974,418.332,1,-1,-1,-1
25,9,1211.68,376.762,112.964,449.219,1,-1,-1,-1
25,7,964.18,298.687,120.402,407.656,1,-1,-1,-1
25,6,626.049,373.971,113.396,432.118,1,-1,-1,-1
25,5,766.883,413.407,160.44,433.324,1,-1,-1,-1
25,4,1026.19,347.641,146.568,420.724,1,-1,-1,-1
25,3,453.075,315.197,155.162,398.085,1,-1,-1,-1
25,1,299.088,268.32,145.703,401.828,1,-1,-1,-1
26,19,1653.96,304.861,93.0277,327.173,1,-1,-1,-1
26,18,1275.99,308.192,179.035,378.019,1,-1,-1,-1
26,17,866.08,314.673,149.758,393.867,1,-1,-1,-1
26,16,1708.09,306.864,119.445,377.343,1,-1,-1,-1
26,13,1802.81,348.428,97.5037,394.104,1,-1,-1,-1
26,10,1530.99,385.095,191.028,418.143,1,-1,-1,-1
26,9,1178.59,386.144,134.543,447.241,1,-1,-1,-1
26,8,1448.54,354.031,129.234,401.464,1,-1,-1,-1
26,7,963.492,305.26,101.5,396.918,1,-1,-1,-1
26,6,687.915,274.881,127.661,375.848,1,-1,-1,-1
26,5,732.643,416.045,202.097,437.178,1,-1,-1,-1
26,4,992.442,351.405,184.2,422.579,1,-1,-1,-1
26,3,459.179,323.362,151.864,399.127,1,-1,-1,-1
26,1,304.998,276.022,137.465,401.626,1,-1,-1,-1
27,19,1657.39,315.56,118.341,360.635,1,-1,-1,-1
27,18,1276.17,321.16,173.155,384.904,1,-1,-1,-1
27,10,1522.37,395.626,207.881,416.559,1,-1,-1,-1
27,9,1157.31,395.93,165.924,448.852,1,-1,-1,-1
27,3,469.679,337.57,148.344,403.52,1,-1,-1,-1
27,1,310.784,289.97,136.671,400.521,1,-1,-1,-1
28,19,1631.03,321.118,154.336,382.001,1,-1,-1,-1
28,17,846.894,337.37,175.706,399.125,1,-1,-1,-1
28,10,1486.95,400.536,236.038,417.187,1,-1,-1,-1
28,9,1125.74,404.592,191.328,445.062,1,-1,-1,-1
28,5,669.169,435.485,265.925,434.824,1,-1,-1,-1
28,4,926.47,377.355,253.501,417.495,1,-1,-1,-1
28,2,540.228,396.857,197.042,430.988,1,-1,-1,-1
28,1,289.063,298.992,152.531,400.34,1,-1,-1,-1
29,19,1628.08,325.919,138.916,390.197,1,-1,-1,-1
29,18,1253.44,340.61,188.806,373.261,1,-1,-1,-1
29,17,818.228,333.632,190.5,417.151,1,-1,-1,-1
29,10,1452.47,408.085,254.762,416.916,1,-1,-1,-1
29,9,1077.73,413.449,226.563,444.501,1,-1,-1,-1
29,8,1361.84,375.045,176.268,396.082,1,-1,-1,-1
29,5,638.19,444.07,280.587,433.401,1,-1,-1,-1
29,4,911.12,379.473,234.19,424.187,1,-1,-1,-1
29,2,482.523,405.085,228.957,429.666,1,-1,-1,-1
29,1,269.925,310.193,164.406,399.682,1,-1,-1,-1
30,10,1443.28,410.337,246.145,419.206,1,-1,-1,-1
30,9,1055.02,414.456,239.707,448.272,1,-1,-1,-1
30,8,1346.63,372.939,213.135,406.232,1,-1,-1,-1
30,5,615.399,445.717,281.826,437.808,1,-1,-1,-1
30,2,454.671,411.091,244.599,430.783,1,-1,-1,-1
30,1,246.113,315.868,184.407,407.872,1,-1,-1,-1
31,10,1434.58,409.417,227.789,417.767,1,-1,-1,-1
31,9,1046.1,414.526,232.849,447.216,1,-1,-1,-1
31,8,1345.06,371.748,193.783,404.379,1,-1,-1,-1
31,5,614.375,445.756,254.715,437.623,1,-1,-1,-1
31,2,443.033,414.965,246.936,426.246,1,-1,-1,-1
31,1,230.909,320.148,195.462,410.07,1,-1,-1,-1
32,19,1654.14,378.662,179.716,387.218,1,-1,-1,-1
32,10,1428.08,405.954,188.637,420.447,1,-1,-1,-1
32,9,1030.58,409.547,211.06,451.231,1,-1,-1,-1
32,5,602.079,440.99,217.904,441.826,1,-1,-1,-1
32,4,892.598,372.9,167.174,434.761,1,-1,-1,-1
32,2,424.597,414.607,229.04,425.608,1,-1,-1,-1
32,1,215.316,320.172,186.615,412.846,1,-1,-1,-1
33,19,1659.52,378.578,155.978,385.398,1,-1,-1,-1
33,13,1796.42,395.423,122.144,413.058,1,-1,-1,-1
33,10,1431.91,404.841,138.832,417.777,1,-1,-1,-1
33,9,1023.11,408.747,180.136,450.648,1,-1,-1,-1
33,5,600.31,437.53,170.691,446.367,1,-1,-1,-1
33,2,417.993,411.115,201.818,426.682,1,-1,-1,-1
33,1,204.132,318.887,169.765,416.686,1,-1,-1,-1
34,19,1645.02,375.579,151.911,387.778,1,-1,-1,-1
34,18,1229.57,331.544,99.0698,385.385,1,-1,-1,-1
34,15,1587.47,323.02,83.1886,384.089,1,-1,-1,-1
34,13,1785.33,389.774,109.687,416.752,1,-1,-1,-1
34,10,1420.08,403.027,106.098,422.866,1,-1,-1,-1
34,9,1021.47,405.99,142.777,452.039,1,-1,-1,-1
34,7,967.047,303.312,101.69,371.704,1,-1,-1,-1
34,5,595.639,430.445,122.564,451.683,1,-1,-1,-1
34,4,864.682,364.758,148.127,442.929,1,-1,-1,-1
34,2,415.256,409.509,164.554,426.544,1,-1,-1,-1
34,1,202.555,317.675,152.643,417.557,1,-1,-1,-1
35,19,1633.28,350.363,136.693,410.986,1,-1,-1,-1
35,18,1222.32,326.742,102.645,374.467,1,-1,-1,-1
35,16,1766.2,387.395,104.463,418.563,1,-1,-1,-1
35,15,1565.14,321.411,99.4756,356.818,1,-1,-1,-1
35,10,1407.5,398.177,98.283,426.79,1,-1,-1,-1
35,9,1009.48,403.115,111.294,453.464,1,-1,-1,-1
35,8,1303.14,355.776,125.625,413.927,1,-1,-1,-1
35,5,566.028,426.769,125.298,453.565,1,-1,-1,-1
35,4,850.113,361.813,152.835,441.834,1,-1,-1,-1
35,2,411.587,409.454,157.259,425.493,1,-1,-1,-1
35,1,198.159,316.099,146.299,415.783,1,-1,-1,-1
36,19,1629.11,365.26,132.21,403.329,1,-1,-1,-1
36,18,1175.23,328.738,130.92,369.605,1,-1,-1,-1
36,16,1736.92,390.295,122.103,420.973,1,-1,-1,-1
36,15,1525.97,324.517,135.373,366.564,1,-1,-1,-1
36,10,1362.46,411.5,138.299,417.246,1,-1,-1,-1
36,9,977.69,406.55,111.466,454.899,1,-1,-1,-1
36,6,762.299,325.242,104.031,383.597,1,-1,-1,-1
36,5,536.439,428.595,137.408,455.392,1,-1,-1,-1
36,1,181.557,319.661,147.878,416.739,1,-1,-1,-1
37,20,1624.05,379.303,116.733,392.866,1,-1,-1,-1
37,19,1666.5,365.965,99.7406,376.215,1,-1,-1,-1
37,18,1139.86,333.025,152.47,372.178,1,-1,-1,-1
37,16,1701.28,398.531,155.689,413.636,1,-1,-1,-1
37,10,1308.02,410.127,196.62,424.061,1,-1,-1,-1
37,9,946.011,412.155,139.715,453.703,1,-1,-1,-1
37,8,1261.72,360.948,121.685,398.546,1,-1,-1,-1
37,6,728.68,328.71,133.317,452.509,1,-1,-1,-1
37,5,480.63,431.39,187.553,457.701,1,-1,-1,-1
37,4,792.919,370.422,181.338,441.132,1,-1,-1,-1
37,2,364.489,416.991,173.635,428.295,1,-1,-1,-1
37,1,159.641,326.092,160.939,418.481,1,-1,-1,-1
38,18,1098.91,329.003,201.417,368.287,1,-1,-1,-1
38,16,1670.83,397.042,185.703,414.692,1,-1,-1,-1
38,10,1264.12,408.652,223.801,421.34,1,-1,-1,-1
38,9,894.624,413.003,188.68,450.929,1,-1,-1,-1
38,5,439.718,429.344,226.649,457.779,1,-1,-1,-1
38,4,763.555,364.693,170.201,440.226,1,-1,-1,-1
38,2,336.519,413.305,194.487,422.37,1,-1,-1,-1
38,1,138.28,327.024,175.827,418.922,1,-1,-1,-1
39,16,1633.98,402.678,214.047,412.942,1,-1,-1,-1
39,10,1238.32,412.32,240.087,423.018,1,-1,-1,-1
39,9,849.751,408.869,231.799,459.211,1,-1,-1,-1
39,5,399.301,434.12,261.837,457.269,1,-1,-1,-1
39,2,301.621,411.687,214.601,422.25,1,-1,-1,-1
39,1,116.989,332.497,188.45,426.036,1,-1,-1,-1
40,18,1045.87,330.455,213.078,359.346,1,-1,-1,-1
40,16,1622.13,402.442,218.725,414.359,1,-1,-1,-1
40,10,1235.33,414.719,232.142,418.491,1,-1,-1,-1
40,9,828.064,412.899,246.505,456.542,1,-1,-1,-1
40,8,1177.11,360.744,175.683,410.656,1,-1,-1,-1
40,5,385.102,438.159,268.71,452.697,1,-1,-1,-1
40,4,753.183,366.713,160.213,432.376,1,-1,-1,-1
40,2,293.253,417.467,215.401,420.755,1,-1,-1,-1
40,1,110.192,336.056,192.324,431.371,1,-1,-1,-1
41,18,1038.99,317.719,208.692,361.557,1,-1,-1,-1
41,16,1617.89,379.102,208.251,427.52,1,-1,-1,-1
41,10,1232.09,403.36,208.681,417.917,1,-1,-1,-1
41,9,821.555,405.527,236.411,450.329,1,-1,-1,-1
41,5,385.729,428.109,247.516,450.355,1,-1,-1,-1
41,2,290.055,403.709,201.607,426.372,1,-1,-1,-1
41,1,109.617,326.962,193.206,431.504,1,-1,-1,-1
42,16,1609.66,381.9,186.539,404.555,1,-1,-1,-1
42,10,1225.8,394.509,179.103,409.361,1,-1,-1,-1
42,9,813.298,400.699,210.257,439.492,1,-1,-1,-1
42,5,378.487,419.392,216.618,444.485,1,-1,-1,-1
42,4,727.283,342.267,146.007,438.235,1,-1,-1,-1
42,1,100.928,319.9,191.315,432.106,1,-1,-1,-1
43,20,1603.15,376.625,149.533,402.973,1,-1,-1,-1
43,18,1031.06,301.822,154.15,369.022,1,-1,-1,-1
43,16,1697.1,367.487,85.0134,379.288,1,-1,-1,-1
43,15,1507.02,353.932,151.144,391.153,1,-1,-1,-1
43,11,1339.95,385.446,141.891,384.371,1,-1,-1,-1
43,10,1218.87,387.334,139.257,413.422,1,-1,-1,-1
43,9,798.193,395.419,182.029,439.935,1,-1,-1,-1
43,8,1137.97,334.46,152.362,401.201,1,-1,-1,-1
43,7,921.267,365.442,122.721,419.538,1,-1,-1,-1
43,5,446.164,373.692,111.955,436.705,1,-1,-1,-1
43,4,728.904,336.855,124.336,437.819,1,-1,-1,-1
43,1,95.6626,317.969,183.47,431.55,1,-1,-1,-1
44,20,1602.44,369.972,123.342,410.607,1,-1,-1,-1
44,18,1034.84,297.101,103.62,370.934,1,-1,-1,-1
44,16,1690.37,367.272,95.7793,384.431,1,-1,-1,-1
44,15,1509.9,352.229,135.637,386.336,1,-1,-1,-1
44,10,1213.91,382.063,114.831,418.473,1,-1,-1,-1
44,9,798.668,389.339,139.349,444.308,1,-1,-1,-1
44,7,915.228,364.417,124.702,420.56,1,-1,-1,-1
44,5,373.325,408.955,134.605,446.026,1,-1,-1,-1
44,4,701.633,332.779,135.452,439.935,1,-1,-1,-1
44,3,621.213,299.69,108.185,370.1,1,-1,-1,-1
44,1,91.8034,317.235,180.035,429.752,1,-1,-1,-1
45,21,453.029,375.498,106.397,424.023,1,-1,-1,-1
45,20,1594.89,368.607,99.4211,410.99,1,-1,-1,-1
45,16,1682.85,368.886,108.375,385.207,1,-1,-1,-1
45,11,1340.25,384.791,151.774,383.266,1,-1,-1,-1
45,8,1133.38,326.202,120.339,409.553,1,-1,-1,-1
45,7,904.211,366.11,137.471,422.889,1,-1,-1,-1
45,5,356.12,404.608,135.246,451.539,1,-1,-1,-1
45,4,670.531,330.922,148.627,439.971,1,-1,-1,-1
45,3,535.848,321.563,145.072,407.716,1,-1,-1,-1
45,2,272.019,386.766,142.572,419.39,1,-1,-1,-1
45,1,87.8301,319.614,176.783,427.036,1,-1,-1,-1
46,21,429.619,378.072,131.621,431.467,1,-1,-1,-1
46,16,1662.05,369.763,132.041,386.176,1,-1,-1,-1
46,11,1336.48,378.052,163.33,396.096,1,-1,-1,-1
46,10,1149.82,379.612,137.529,422.404,1,-1,-1,-1
46,7,896.987,367.865,142.386,422.434,1,-1,-1,-1
46,3,529.79,324.404,135.063,408.98,1,-1,-1,-1
46,1,79.4312,324.2,176.47,424.411,1,-1,-1,-1
47,21,415.605,385.604,142.852,439.767,1,-1,-1,-1
47,16,1651.32,377.264,141.009,387.47,1,-1,-1,-1
47,11,1330.79,390.795,164.904,397.902,1,-1,-1,-1
47,10,1083.5,384.409,191.341,425.233,1,-1,-1,-1
47,8,1082.7,328.259,124.654,408.508,1,-1,-1,-1
47,7,893.788,378.96,142.822,423.439,1,-1,-1,-1
47,4,624.326,331.506,152.38,428.345,1,-1,-1,-1
47,3,528.061,334.796,126.745,417.629,1,-1,-1,-1
48,21,404.676,391.889,160.975,440.008,1,-1,-1,-1
48,16,1655.03,380.255,148.305,394.594,1,-1,-1,-1
48,15,1502.23,372.603,153.535,413.359,1,-1,-1,-1
48,11,1333.48,393.772,164.212,403.672,1,-1,-1,-1
48,10,1050.64,384.952,225.543,421.507,1,-1,-1,-1
48,9,648.528,387.097,211.304,449.811,1,-1,-1,-1
48,7,903.313,385.554,147.356,425.06,1,-1,-1,-1
48,5,204.335,406.289,225.891,451.993,1,-1,-1,-1
48,1,73.7171,336.699,167.189,433.6,1,-1,-1,-1
49,21,405.695,389.675,170.187,445.883,1,-1,-1,-1
49,16,1658.17,379.302,152.074,397.65,1,-1,-1,-1
49,15,1473.78,370.021,181.208,411.23,1,-1,-1,-1
49,11,1336.32,398.988,158.188,394.327,1,-1,-1,-1
49,10,1045.29,381.217,223.545,420.387,1,-1,-1,-1
49,9,617.855,383.381,242.21,447.755,1,-1,-1,-1
49,7,907.402,390.72,149.1,424.583,1,-1,-1,-1
49,6,807.552,320.387,147.472,379.123,1,-1,-1,-1
49,5,173.93,403.254,256.915,449.48,1,-1,-1,-1
49,1,76.5903,334.747,174.038,438.912,1,-1,-1,-1
50,21,400.518,397.677,168.123,447.836,1,-1,-1,-1
50,16,1646.79,386.304,156.494,405.022,1,-1,-1,-1
50,15,1443.52,371.369,198.55,423.357,1,-1,-1,-1
50,10,1028.55,383.541,219.087,419.808,1,-1,-1,-1
50,9,586.682,384.887,256.556,448.271,1,-1,-1,-1
50,7,896.319,402.561,151.364,427.251,1,-1,-1,-1
50,5,141.509,404.484,275.076,451.775,1,-1,-1,-1
51,21,405.437,410.108,152.068,439.997,1,-1,-1,-1
51,16,1640.09,389.81,161.769,405.968,1,-1,-1,-1
51,15,1427.15,369.441,201.305,431.673,1,-1,-1,-1
51,11,1324.92,404.898,156.558,400.185,1,-1,-1,-1
51,10,1018.78,382.415,200.393,418.761,1,-1,-1,-1
51,9,571.74,386.147,254.903,446.499,1,-1,-1,-1
51,7,895.465,395.324,147.028,443.505,1,-1,-1,-1
51,6,768.467,333.617,170.826,392.812,1,-1,-1,-1
51,5,125.371,400.978,272.561,454.352,1,-1,-1,-1
51,1,59.0384,344.775,169.703,439.936,1,-1,-1,-1
52,21,407.846,411.252,145.599,445.155,1,-1,-1,-1
52,16,1638.57,391.018,164.574,407.528,1,-1,-1,-1
52,15,1427.81,368.628,182.333,410.505,1,-1,-1,-1
52,11,1324.74,403.564,154.031,407.851,1,-1,-1,-1
52,10,1018.56,377.575,170.856,418.719,1,-1,-1,-1
52,9,569.199,382.656,223.585,443.593,1,-1,-1,-1
52,7,892.249,396.754,144.494,442.58,1,-1,-1,-1
52,6,764.898,338.184,172.814,387.697,1,-1,-1,-1
52,5,117.98,402.727,256.06,446.295,1,-1,-1,-1
52,4,518.701,349.021,105.888,329.848,1,-1,-1,-1
52,3,590.636,322.192,103.745,429.88,1,-1,-1,-1
52,2,222.141,364.47,135.155,424.508,1,-1,-1,-1
53,22,1211.25,301.822,118.841,367.509,1,-1,-1,-1
53,21,404.58,418.714,144.103,441.456,1,-1,-1,-1
53,16,1634,397.258,165.57,408.025,1,-1,-1,-1
53,11,1335.89,403.637,142.43,414.435,1,-1,-1,-1
53,7,887.159,400.383,153.481,443.191,1,-1,-1,-1
53,6,752.568,345.051,181.932,384.806,1,-1,-1,-1
53,5,112.206,401.252,228.237,446.203,1,-1,-1,-1
54,22,1205.14,301.395,104.461,366.486,1,-1,-1,-1
54,21,395.961,425.082,146.341,437.881,1,-1,-1,-1
54,16,1625.88,399.827,165.51,406.978,1,-1,-1,-1
54,15,1424.32,369.57,118.056,383.495,1,-1,-1,-1
54,11,1319.88,406.361,139.46,411.781,1,-1,-1,-1
54,10,1019.1,379.179,91.9958,399.255,1,-1,-1,-1
54,9,556.344,382.741,149.895,446.283,1,-1,-1,-1
54,8,980.396,322.069,94.3028,472.864,1,-1,-1,-1
54,7,883.279,402.059,154.166,443.041,1,-1,-1,-1
54,6,740.507,347.831,191.856,385.152,1,-1,-1,-1
54,4,476.6,358.027,148.759,416.564,1,-1,-1,-1
55,22,1187.93,297.02,104.13,369.795,1,-1,-1,-1
55,21,387.921,423.77,150.311,436.79,1,-1,-1,-1
55,16,1625.18,398.494,157.535,406.91,1,-1,-1,-1
55,11,1319.44,408.079,135.447,408.335,1,-1,-1,-1
55,10,1003.65,373.788,84.5477,344.881,1,-1,-1,-1
55,7,877.587,399.917,164.913,443.082,1,-1,-1,-1
55,6,739.917,344.035,186.243,388.216,1,-1,-1,-1
55,2,221.603,365.17,99.9966,416.28,1,-1,-1,-1
56,21,376.91,417.321,160.842,445.952,1,-1,-1,-1
56,16,1626.51,402.409,142.418,403.254,1,-1,-1,-1
56,15,1389.54,359.29,87.8069,430.299,1,-1,-1,-1
56,11,1311.58,410.29,145.991,407.646,1,-1,-1,-1
56,9,536.022,374.665,128.012,453.413,1,-1,-1,-1
56,6,743.656,344.626,180.058,389.997,1,-1,-1,-1
56,5,52.4046,390.509,191.618,454.803,1,-1,-1,-1
57,22,1096.68,298.429,160.756,367.043,1,-1,-1,-1
57,21,377.859,416.056,153.182,453.055,1,-1,-1,-1
57,16,1630.73,403.214,132.383,402.172,1,-1,-1,-1
57,11,1301.99,353.913,163.311,465.335,1,-1,-1,-1
57,7,872.205,411.032,142.093,439.462,1,-1,-1,-1
57,6,737.592,345.261,183.116,387.36,1,-1,-1,-1
57,5,45.9759,392.79,190.989,454.063,1,-1,-1,-1
57,2,193.674,362.862,109.705,419.198,1,-1,-1,-1
58,22,1060.6,297.756,189.382,364.296,1,-1,-1,-1
58,21,374.129,416.421,152.391,462.197,1,-1,-1,-1
58,16,1639.22,403.397,122.327,401.363,1,-1,-1,-1
58,5,5.46869,396.212,217.68,448.057,1,-1,-1,-1
58,3,637.974,293.115,176.71,363.999,1,-1,-1,-1
59,22,1042.32,295.517,207.834,363.348,1,-1,-1,-1
59,16,1644.05,402.063,119.521,402.586,1,-1,-1,-1
59,11,1302.97,415.034,143.009,413.895,1,-1,-1,-1
59,7,850.477,421.073,177.621,434.085,1,-1,-1,-1
59,5,0.165202,390.521,196.778,446.676,1,-1,-1,-1
59,3,607.074,289.427,207.108,364.696,1,-1,-1,-1
60,22,1032.13,288.863,215.275,363.046,1,-1,-1,-1
60,21,376.898,414.877,152.996,461.965,1,-1,-1,-1
60,16,1639.84,395.099,124.716,411.365,1,-1,-1,-1
60,11,1276.63,389.037,179.001,437.658,1,-1,-1,-1
60,7,833.546,413.465,204.654,442.647,1,-1,-1,-1
60,3,597.648,282.015,218.556,366.665,1,-1,-1,-1
60,1,0.545484,380.244,195.208,447.82,1,-1,-1,-1
61,22,1021.83,287.059,210.821,361.099,1,-1,-1,-1
61,21,372.446,417.007,154.159,464.146,1,-1,-1,-1
61,16,1630.95,391.982,128.903,416.955,1,-1,-1,-1
61,11,1250.71,403.335,194.589,425.528,1,-1,-1,-1
61,7,826.557,406.027,195.213,451.83,1,-1,-1,-1
61,3,591.82,279.173,202.455,362.339,1,-1,-1,-1
61,1,0,377.462,180.22,446.744,1,-1,-1,-1
62,22,1009.66,291.901,195.703,357.947,1,-1,-1,-1
62,21,366.864,427.137,158.968,463.718,1,-1,-1,-1
62,16,1620.89,399.626,131.133,418.608,1,-1,-1,-1
62,11,1261.75,409.109,166.514,426.24,1,-1,-1,-1
62,7,811.556,416.84,199.546,446.876,1,-1,-1,-1
62,3,615.471,282.661,146.636,356.887,1,-1,-1,-1
62,2,90.5023,343.471,180.284,460.278,1,-1,-1,-1
63,23,242.587,292.457,131.88,366.16,1,-1,-1,-1
63,22,1009.73,293.877,165.309,356.423,1,-1,-1,-1
63,21,363.772,434.527,162.866,459.477,1,-1,-1,-1
63,16,1611.62,402.398,136.226,420.252,1,-1,-1,-1
63,11,1254.15,410.011,162.396,427.615,1,-1,-1,-1
63,9,522.393,355.111,132.399,433.844,1,-1,-1,-1
63,7,815.436,412.035,195.117,455.28,1,-1,-1,-1
63,3,629.203,283.784,106.025,356.504,1,-1,-1,-1
63,1,0.410234,384.443,126.24,422.605,1,-1,-1,-1
64,23,231.978,293.727,126.026,363.783,1,-1,-1,-1
64,22,1008.26,293.197,152.457,360.393,1,-1,-1,-1
64,21,358.033,440.256,170.806,455.617,1,-1,-1,-1
64,16,1603.79,404.767,140.243,420.919,1,-1,-1,-1
64,11,1249.73,407.015,148.548,433.203,1,-1,-1,-1
64,9,511.716,359.293,149.521,434.357,1,-1,-1,-1
64,7,820.775,418.693,183.723,451.443,1,-1,-1,-1
65,22,1001.27,292.998,141.721,363.828,1,-1,-1,-1
65,16,1589.2,404.337,137.856,424.848,1,-1,-1,-1
65,15,1343.28,347.581,136.522,401.927,1,-1,-1,-1
65,11,1206.98,401.815,167.995,441.936,1,-1,-1,-1
65,9,507.767,361.959,153.4,435.21,1,-1,-1,-1
65,7,797.432,418.806,190.311,453.77,1,-1,-1,-1
66,23,205.59,292.902,116.542,362.552,1,-1,-1,-1
66,22,988.571,295.233,140.066,365.463,1,-1,-1,-1
66,21,326.697,447.859,179.552,453.661,1,-1,-1,-1
66,16,1577.77,407.295,137.969,423.803,1,-1,-1,-1
66,15,1340.28,350.714,140.166,400.919,1,-1,-1,-1
66,9,505.16,370.146,155.01,433.034,1,-1,-1,-1
66,7,787.06,425.942,184.309,449.698,1,-1,-1,-1
66,2,70.4913,355.549,168.696,466.073,1,-1,-1,-1
67,23,187.929,293.212,118.653,311.247,1,-1,-1,-1
67,22,973.464,298.326,147.623,360.637,1,-1,-1,-1
67,21,310.08,454.738,176.958,455.509,1,-1,-1,-1
67,16,1547.28,405.69,150,428.289,1,-1,-1,-1
67,15,1342.95,355.069,139.091,398.354,1,-1,-1,-1
67,11,1188.02,404.39,170.003,446.174,1,-1,-1,-1
67,9,500.827,388.581,158.949,421.089,1,-1,-1,-1
67,8,755.424,365.378,113.056,408.934,1,-1,-1,-1
67,7,776.59,428.888,174.926,454.194,1,-1,-1,-1
67,2,109.726,380.913,148.901,448.353,1,-1,-1,-1
68,22,962.558,302.841,157.039,354.722,1,-1,-1,-1
68,21,287.299,461.344,206.253,453.512,1,-1,-1,-1
68,16,1523.23,408.814,164.612,429.55,1,-1,-1,-1
68,15,1345.23,360.308,141.442,397.59,1,-1,-1,-1
68,11,1160.42,412.158,194.011,446.146,1,-1,-1,-1
68,7,761.018,430.071,185.066,464.455,1,-1,-1,-1
69,22,965.362,302.783,149.692,350.278,1,-1,-1,-1
69,21,271.187,460.924,208.789,460.312,1,-1,-1,-1
69,16,1501.64,410.842,189.307,431.417,1,-1,-1,-1
69,15,1348.76,363.452,144.53,401.168,1,-1,-1,-1
69,11,1127.52,415.768,223.47,445.369,1,-1,-1,-1
69,7,755.19,434.38,180.151,462.485,1,-1,-1,-1
70,21,228.362,464.197,240.276,465.695,1,-1,-1,-1
70,16,1479.27,415.227,211.782,431.761,1,-1,-1,-1
70,15,1351.4,367.01,148.733,402.597,1,-1,-1,-1
70,11,1101.63,421.285,238.127,450.663,1,-1,-1,-1
70,7,681.973,441.284,249.004,463.017,1,-1,-1,-1
71,21,266.724,473.449,211.074,461.109,1,-1,-1,-1
71,16,1458.18,418.771,231.177,433.416,1,-1,-1,-1
71,15,1352.33,370.902,149.327,408.34,1,-1,-1,-1
71,7,670.361,449.064,257.418,469.32,1,-1,-1,-1
72,21,193.126,471.65,285.369,466.01,1,-1,-1,-1
72,16,1439.76,419.515,245.568,432.845,1,-1,-1,-1
72,15,1356.97,371.386,147.613,412.813,1,-1,-1,-1
72,11,1078.12,426.192,225.845,448.207,1,-1,-1,-1
72,7,665.335,449.957,251.827,466.051,1,-1,-1,-1
73,21,217.598,473.194,225.173,461.306,1,-1,-1,-1
73,16,1429.28,419.53,248.071,432.246,1,-1,-1,-1
73,15,1364.81,369.662,145.392,413.545,1,-1,-1,-1
73,11,1079.53,421.739,199.78,450.309,1,-1,-1,-1
73,9,526.217,391.571,177.006,446.176,1,-1,-1,-1
73,7,678.145,443.872,219.04,468.6,1,-1,-1,-1
74,22,902.005,385.565,160.455,404.54,1,-1,-1,-1
74,21,227.843,474.113,170.867,456.943,1,-1,-1,-1
74,16,1424.99,418.224,234.659,432.392,1,-1,-1,-1
74,15,1371.29,368.26,137.732,417.17,1,-1,-1,-1
74,11,1085.26,415.239,163.413,453.971,1,-1,-1,-1
74,7,687.927,439.539,186.285,471.317,1,-1,-1,-1
75,22,909.554,379.913,158.212,407.86,1,-1,-1,-1
75,21,223.738,472.889,143.294,457.139,1,-1,-1,-1
75,16,1424.89,415.492,211.029,431.438,1,-1,-1,-1
75,11,1091.97,414.43,128.975,451.483,1,-1,-1,-1
75,9,555.467,399.486,159.587,433.471,1,-1,-1,-1
75,7,684.235,435.362,164.748,471.978,1,-1,-1,-1
76,22,893.896,378.932,182.93,407.961,1,-1,-1,-1
76,21,203.963,465.821,159.935,464.123,1,-1,-1,-1
76,16,1455.47,411.104,149.467,432.111,1,-1,-1,-1
76,15,1379.2,367.695,138.465,408.055,1,-1,-1,-1
76,7,688.627,432.646,159.985,472.89,1,-1,-1,-1
77,21,179.107,457.169,183.688,473.331,1,-1,-1,-1
77,16,1450.75,410.009,126.805,432.763,1,-1,-1,-1
77,15,1379.83,370.116,145.111,399.579,1,-1,-1,-1
77,11,1055.83,410.056,157.759,456.976,1,-1,-1,-1
77,7,669.074,434.389,178.413,470.742,1,-1,-1,-1
78,21,135.201,452.592,226.189,478.942,1,-1,-1,-1
78,16,1455.34,411.561,118.301,434.298,1,-1,-1,-1
78,11,1017.39,412.318,194.573,455.281,1,-1,-1,-1
78,7,607.061,434.008,239.688,472.099,1,-1,-1,-1
79,21,85.3437,449.254,275.676,481.74,1,-1,-1,-1
79,16,1422.87,410.382,149.064,434.627,1,-1,-1,-1
79,11,981.42,413.491,229.479,451.974,1,-1,-1,-1
79,10,427.177,278.299,197.351,386.833,1,-1,-1,-1
79,7,576.342,435.79,266.375,470.859,1,-1,-1,-1
80,24,340.895,283.164,207.561,394.434,1,-1,-1,-1
80,22,780.529,296.787,211.118,370.89,1,-1,-1,-1
80,21,54.7152,444.365,297.047,482.861,1,-1,-1,-1
80,16,1392.81,407.161,177.191,436.631,1,-1,-1,-1
80,11,962.95,414.077,244.432,455.159,1,-1,-1,-1
80,10,407.761,279.219,200.623,373.883,1,-1,-1,-1
80,2,23.7015,286.517,168.391,413.579,1,-1,-1,-1
81,21,35.0895,447.809,299.196,477.747,1,-1,-1,-1
81,16,1361.75,409.647,204.574,436.962,1,-1,-1,-1
81,11,951.85,414.248,241.696,457.81,1,-1,-1,-1
81,10,382.76,276.638,209.827,374.838,1,-1,-1,-1
81,7,519.997,430.351,298.336,469.92,1,-1,-1,-1
82,22,779.386,301.695,187.857,375.628,1,-1,-1,-1
82,21,26.0336,449.357,287.057,472.057,1,-1,-1,-1
82,16,1353.3,406.251,207.4,441.722,1,-1,-1,-1
82,11,947.338,411.22,232.796,461.808,1,-1,-1,-1
82,7,520.402,428.874,272.358,467.397,1,-1,-1,-1
82,2,1.48995,283.994,177.554,423.076,1,-1,-1,-1
83,22,777.263,302.279,184.996,375.441,1,-1,-1,-1
83,21,36.1387,450.018,260.076,468.261,1,-1,-1,-1
83,16,1349.68,410.803,201.707,439.178,1,-1,-1,-1
83,11,934.816,413.06,214.023,462.378,1,-1,-1,-1
83,7,513.798,430.261,237.051,465.289,1,-1,-1,-1
84,25,158.258,433.561,170.298,467.041,1,-1,-1,-1
84,24,327.067,290.527,167.863,396.422,1,-1,-1,-1
84,22,772.55,299.82,186.736,380.01,1,-1,-1,-1
84,21,32.7975,448.901,194.895,469.905,1,-1,-1,-1
84,16,1343.43,412.204,189.925,438.625,1,-1,-1,-1
84,11,933.153,414.466,174.701,460.774,1,-1,-1,-1
84,7,515.483,426.114,191.289,469.074,1,-1,-1,-1
85,25,157.537,431.346,177.086,470.767,1,-1,-1,-1
85,24,325.37,291.584,167.589,396.22,1,-1,-1,-1
85,22,773.104,297.935,172.567,380.328,1,-1,-1,-1
85,21,31.8796,442.755,145.463,475.783,1,-1,-1,-1
85,16,1339.57,414.488,166.365,436.256,1,-1,-1,-1
85,11,922.57,417.782,149.142,455.063,1,-1,-1,-1
86,25,152.306,439.493,182.417,466.054,1,-1,-1,-1
86,24,329.157,282.832,174.05,413.099,1,-1,-1,-1
86,22,774.486,295.372,170.252,385.705,1,-1,-1,-1
86,16,1333.78,414.478,146.479,436.312,1,-1,-1,-1
86,15,1403.57,384.977,124.805,421.222,1,-1,-1,-1
86,11,990.856,411.917,133.522,413.823,1,-1,-1,-1
86,9,598.818,417.871,167.895,453.324,1,-1,-1,-1
86,7,496.652,419.104,135.919,474.937,1,-1,-1,-1
87,25,141.79,448.579,185.573,467.602,1,-1,-1,-1
87,24,327.287,278.09,176.743,427.992,1,-1,-1,-1
87,22,774.646,301.63,160.237,382.554,1,-1,-1,-1
87,21,0,443.91,120.905,476.636,1,-1,-1,-1
87,16,1307.01,413.207,130.864,440.33,1,-1,-1,-1
87,15,1371.77,389.562,164.816,428.806,1,-1,-1,-1
87,11,973.36,420.247,153.406,413.179,1,-1,-1,-1
87,9,564.741,421.442,199.536,461.621,1,-1,-1,-1
87,7,451.316,418.309,177.193,478.866,1,-1,-1,-1
88,26,831.871,416.156,188.095,462.777,1,-1,-1,-1
88,25,130.693,451.241,200.8,479.074,1,-1,-1,-1
88,22,804.114,310.474,135.536,370.839,1,-1,-1,-1
88,16,1256.78,412.865,170.106,442.123,1,-1,-1,-1
88,15,1382.7,396.923,158.882,425.465,1,-1,-1,-1
88,11,966.853,419.284,154.527,423.982,1,-1,-1,-1
88,9,560.437,428.339,188.609,460.128,1,-1,-1,-1
88,7,386.883,424.463,240.457,472.948,1,-1,-1,-1
89,26,783.319,424.576,231.321,455.435,1,-1,-1,-1
89,25,119.481,463.98,217.341,474.723,1,-1,-1,-1
89,16,1218.81,416.817,197.205,442.837,1,-1,-1,-1
89,15,1373.19,401.345,173.375,430.066,1,-1,-1,-1
89,11,946.461,419.267,167.251,441.552,1,-1,-1,-1
89,9,562.689,437.104,173.613,471.665,1,-1,-1,-1
89,7,336.081,432.293,287.728,468.237,1,-1,-1,-1
90,26,752.34,427.133,254.546,455.427,1,-1,-1,-1
90,25,104.382,465.414,234.886,485.039,1,-1,-1,-1
90,16,1181.65,420.488,227.588,441.031,1,-1,-1,-1
90,15,1358.91,407.994,190.024,429.184,1,-1,-1,-1
90,9,551.708,444.872,181.839,475.157,1,-1,-1,-1
90,7,302.361,427.884,309.586,473.591,1,-1,-1,-1
91,25,82.1249,473.533,245.186,484.873,1,-1,-1,-1
91,16,1145.33,424.118,257.413,440.399,1,-1,-1,-1
91,15,1346.08,413.756,196.976,436.764,1,-1,-1,-1
91,11,918.687,431.017,194.079,450.843,1,-1,-1,-1
91,9,541.011,453,184.909,475.324,1,-1,-1,-1
91,7,287.379,433.829,303.216,469.716,1,-1,-1,-1
92,16,1115.99,425.769,270.613,441.911,1,-1,-1,-1
92,15,1331.99,417.748,198.532,445.2,1,-1,-1,-1
92,11,905.058,436.584,198.809,451.467,1,-1,-1,-1
92,9,519.487,458.375,192.899,473.975,1,-1,-1,-1
92,7,273.999,442.102,272.662,452.822,1,-1,-1,-1
93,25,53.7718,485.342,192.855,479.285,1,-1,-1,-1
93,16,1090.72,426.705,271.638,441.842,1,-1,-1,-1
93,15,1312.25,423.325,198.878,445.35,1,-1,-1,-1
93,11,889.873,441.129,197.413,452.808,1,-1,-1,-1
93,9,510.766,465.168,180.42,468.112,1,-1,-1,-1
94,25,55.3009,489.628,179.394,475.55,1,-1,-1,-1
94,16,1072.79,426.757,251.566,441.731,1,-1,-1,-1
94,15,1302.23,427.752,189.145,442.585,1,-1,-1,-1
94,11,871.024,441.899,193.945,452.976,1,-1,-1,-1
94,9,451.26,466.275,215.698,466.826,1,-1,-1,-1
95,26,674.157,418.017,129.127,461.587,1,-1,-1,-1
95,25,41.5413,489.981,181.727,476.339,1,-1,-1,-1
95,22,769.851,322.3,133.879,405.208,1,-1,-1,-1
95,16,1072.09,425.22,210.792,441.187,1,-1,-1,-1
95,11,862.932,442.498,177.045,451.268,1,-1,-1,-1
95,9,487.684,464.307,170.556,468.513,1,-1,-1,-1
96,26,630.078,422.024,150.034,457.003,1,-1,-1,-1
96,25,20.4056,491.431,198.116,477.322,1,-1,-1,-1
96,24,322.557,325.54,155.927,414.112,1,-1,-1,-1
96,22,759.836,323.708,142.238,405.036,1,-1,-1,-1
96,16,1079.09,427.001,157.8,438.328,1,-1,-1,-1
96,15,1293.39,441.214,151.951,432.262,1,-1,-1,-1
96,11,856.616,443.785,168.899,450.562,1,-1,-1,-1
96,9,474.948,465.037,178.016,468.359,1,-1,-1,-1
97,25,0.201545,492.916,216.444,475.515,1,-1,-1,-1
97,16,1074.63,425.986,118.429,438.91,1,-1,-1,-1
97,15,1287.98,445.923,151.672,428.522,1,-1,-1,-1
97,11,855.906,446.566,166.27,450.287,1,-1,-1,-1
97,9,458.182,463.777,191.921,472.194,1,-1,-1,-1
98,25,0,488.329,214.91,478.576,1,-1,-1,-1
98,24,313.925,335.137,166.615,427.62,1,-1,-1,-1
98,22,731.86,290.091,95.4902,353.04,1,-1,-1,-1
98,16,1043.25,421.869,133.552,442.145,1,-1,-1,-1
98,15,1277.83,446.683,161.383,426.858,1,-1,-1,-1
98,11,843.819,445.844,177.745,449.001,1,-1,-1,-1
98,9,431.332,460.591,215.596,473.382,1,-1,-1,-1
99,26,494.267,412.034,272.107,461.551,1,-1,-1,-1
99,25,0.278506,480.366,210.509,483.638,1,-1,-1,-1
99,16,1011.66,415.436,162.961,447.39,1,-1,-1,-1
99,15,1255.92,444.529,183.256,429.893,1,-1,-1,-1
99,11,826.468,450.128,191.48,444.896,1,-1,-1,-1
99,9,391.825,460.382,251.121,472.936,1,-1,-1,-1
100,26,481.716,410.535,275.335,460.901,1,-1,-1,-1
100,16,972.518,412.251,205.944,447.905,1,-1,-1,-1
100,15,1224.45,443.037,215.342,435.616,1,-1,-1,-1
100,11,793.239,450.269,223.394,445.344,1,-1,-1,-1
100,9,367.17,462.507,271.901,471.787,1,-1,-1,-1
100,7,66.4525,410.485,264.477,469.461,1,-1,-1,-1
101,26,479.664,407.863,252.932,461.583,1,-1,-1,-1
101,16,930.168,406.739,250.937,453.126,1,-1,-1,-1
101,15,1209.56,442.189,232.132,442.294,1,-1,-1,-1
101,11,782.048,455.092,234.061,444.63,1,-1,-1,-1
101,9,362.299,466.497,276.528,467.156,1,-1,-1,-1
102,26,486.54,399.657,215.96,452.77,1,-1,-1,-1
102,16,911.369,402.515,265.282,457.08,1,-1,-1,-1
102,15,1209.64,441.166,231.684,444.141,1,-1,-1,-1
102,11,775.017,454.411,239.593,459.542,1,-1,-1,-1
102,9,358.689,462.619,260.735,471.516,1,-1,-1,-1
103,26,492.507,395.217,171.33,455.263,1,-1,-1,-1
103,15,1208.78,442.405,219.427,445.771,1,-1,-1,-1
103,11,776.646,458.213,226.98,459.517,1,-1,-1,-1
103,9,365.726,463.136,221.405,471.38,1,-1,-1,-1
103,7,68.9015,398.136,184.702,462.107,1,-1,-1,-1
104,26,494.869,391.405,139.956,461.083,1,-1,-1,-1
104,16,901.235,403.12,229.746,447.429,1,-1,-1,-1
104,15,1194.81,443.893,207.076,447.744,1,-1,-1,-1
104,11,761.711,453.725,223.603,468.08,1,-1,-1,-1
104,9,361.57,458.869,185.62,479.372,1,-1,-1,-1
105,27,832.355,340.758,119.214,370.172,1,-1,-1,-1
105,26,479.399,386.766,143.084,461.269,1,-1,-1,-1
105,22,618.482,283.565,153.429,359.975,1,-1,-1,-1
105,16,910.142,400.46,181.763,453.291,1,-1,-1,-1
105,15,1182.76,443.718,190.507,449.179,1,-1,-1,-1
105,11,753.252,456.232,207.69,466.57,1,-1,-1,-1
105,9,394.548,340.074,135.144,423.105,1,-1,-1,-1
105,7,49.1229,384.618,147.663,476.318,1,-1,-1,-1
106,26,453.866,385.221,163.94,465.016,1,-1,-1,-1
106,24,331.221,455.815,126.592,488.376,1,-1,-1,-1
106,15,1156.56,443.235,186.54,451.072,1,-1,-1,-1
106,11,739.768,457.938,195.715,468.019,1,-1,-1,-1
106,7,15.1443,380.855,172.05,483.275,1,-1,-1,-1
107,26,474.232,384.237,123.662,466.342,1,-1,-1,-1
107,24,302.79,454.324,154.905,490.311,1,-1,-1,-1
107,22,567.01,310.78,135.93,380.926,1,-1,-1,-1
107,16,900.032,399.395,114.906,442.576,1,-1,-1,-1
107,15,1126.51,442.418,174.942,453.725,1,-1,-1,-1
107,11,724.414,459.193,159.789,467.993,1,-1,-1,-1
107,7,37.7313,386.81,139.249,476.937,1,-1,-1,-1
108,26,384.25,378.708,194.284,470.507,1,-1,-1,-1
108,24,253.971,452.503,201.596,493.026,1,-1,-1,-1
108,22,555.981,315.811,140.756,384.064,1,-1,-1,-1
108,15,1092.94,441.089,206.911,457.805,1,-1,-1,-1
108,11,684.708,458.914,186.628,469.475,1,-1,-1,-1
108,7,27.4679,385.66,150.275,477.872,1,-1,-1,-1
109,26,384.956,382.337,194.776,465.623,1,-1,-1,-1
109,24,192.949,455.311,259.888,491.346,1,-1,-1,-1
109,16,829.243,392.321,146.988,451.031,1,-1,-1,-1
109,15,1061.39,441.99,232.473,460.927,1,-1,-1,-1
109,11,646.096,460.498,223.514,470.684,1,-1,-1,-1
110,26,309.468,388.454,265.606,461.04,1,-1,-1,-1
110,24,159.391,456.088,288.201,489.358,1,-1,-1,-1
110,16,798.441,391.07,185.064,450.445,1,-1,-1,-1
110,15,1027.16,441.619,258.671,462.102,1,-1,-1,-1
110,11,618.14,458.273,252.443,473.877,1,-1,-1,-1
111,26,332.807,381.862,253.959,460.267,1,-1,-1,-1
111,24,143.984,454.577,293.722,492.299,1,-1,-1,-1
111,16,744.786,399.572,227.114,439.392,1,-1,-1,-1
111,15,1002.13,438.199,276.653,465.355,1,-1,-1,-1
111,11,573.181,459.507,290.007,471.956,1,-1,-1,-1
112,26,325.156,381.053,192.543,451.114,1,-1,-1,-1
112,24,136.962,457.498,274.926,488.234,1,-1,-1,-1
112,16,735.112,394.069,229.559,445.185,1,-1,-1,-1
112,15,988.861,439.163,273.378,464.728,1,-1,-1,-1
112,11,560.721,458.712,288.109,476.1,1,-1,-1,-1
112,7,26.0211,378.884,194.352,459.022,1,-1,-1,-1
113,26,311.924,380.721,195.517,447.579,1,-1,-1,-1
113,16,726.804,394.802,223.362,443.529,1,-1,-1,-1
113,15,978.09,440.884,254.602,461.854,1,-1,-1,-1
113,11,546.444,460.482,274.712,474.889,1,-1,-1,-1
114,26,311.595,379.648,181.926,451.7,1,-1,-1,-1
114,24,136.116,462.947,197.107,486.96,1,-1,-1,-1
114,16,705.638,394.989,222.423,433.623,1,-1,-1,-1
114,15,973.467,444.178,215.721,459.518,1,-1,-1,-1
114,11,546.039,460.007,232.926,477.882,1,-1,-1,-1
115,24,130.29,465.349,148.136,489.577,1,-1,-1,-1
115,16,702.578,396.866,190.432,427.994,1,-1,-1,-1
115,15,973.8,448.927,165.243,456.977,1,-1,-1,-1
115,11,547.021,464.098,181.834,476.728,1,-1,-1,-1
116,26,271.423,380.593,199.517,458.034,1,-1,-1,-1
116,24,103.785,473.678,129.182,484.473,1,-1,-1,-1
116,22,465.617,422.843,118.347,414.369,1,-1,-1,-1
116,16,706.27,398.032,155.039,428.728,1,-1,-1,-1
116,15,979.381,454.863,116.512,453.915,1,-1,-1,-1
116,11,541.108,477.439,140.73,466.653,1,-1,-1,-1
117,26,256.087,381.636,202.079,459.304,1,-1,-1,-1
117,16,703.807,397.44,133.751,431.52,1,-1,-1,-1
117,15,945.115,456.305,130.188,455.989,1,-1,-1,-1
117,11,504.904,474.764,135.737,471.735,1,-1,-1,-1
118,26,237.102,384.209,195.214,455.807,1,-1,-1,-1
118,24,48.8212,454.179,178.216,507.854,1,-1,-1,-1
118,16,696.498,398.106,124.556,433.84,1,-1,-1,-1
118,15,892.123,456.714,165.774,459.337,1,-1,-1,-1
118,11,477.969,464.418,152.506,487.421,1,-1,-1,-1
119,26,223.216,384.543,192.921,455.955,1,-1,-1,-1
119,24,0.616862,456.644,217.32,508.533,1,-1,-1,-1
119,16,650.609,396.741,169.075,440.765,1,-1,-1,-1
119,15,838.497,453.626,213.301,466.144,1,-1,-1,-1
119,11,421.309,462.037,204.753,491.029,1,-1,-1,-1
120,26,219.855,383.561,185.142,459.607,1,-1,-1,-1
120,24,0,462.415,210.048,505.583,1,-1,-1,-1
120,16,624.024,399.02,203.436,438.089,1,-1,-1,-1
120,15,791.92,457.776,260.11,467.385,1,-1,-1,-1
120,11,370.636,470.027,252.855,486.637,1,-1,-1,-1
121,26,219.837,384.673,174.539,462.443,1,-1,-1,-1
121,24,0.108133,467.539,200.882,505.943,1,-1,-1,-1
121,16,604.808,401.527,225.586,439.935,1,-1,-1,-1
121,15,769.444,459.818,278.353,471.537,1,-1,-1,-1
121,11,338.612,475.581,283.729,487.729,1,-1,-1,-1
122,26,220.857,390.762,150.133,449.779,1,-1,-1,-1
122,24,0.715013,475.297,183.039,500.905,1,-1,-1,-1
122,22,460.766,478.24,170.26,443.603,1,-1,-1,-1
122,16,605.784,403.909,214.869,441.566,1,-1,-1,-1
122,15,757.984,464.568,274.06,470.237,1,-1,-1,-1
122,11,321.373,478.009,283.769,490.402,1,-1,-1,-1
123,28,906.439,455.88,130.208,433.894,1,-1,-1,-1
123,26,222.832,391.024,131.811,439.61,1,-1,-1,-1
123,16,601.402,403.835,199.705,443.892,1,-1,-1,-1
123,15,751.312,464.633,246.99,461.77,1,-1,-1,-1
123,11,315.102,478.927,260.994,485.472,1,-1,-1,-1
123,7,60.4787,466.602,171.818,469.944,1,-1,-1,-1
124,28,896.315,454.728,153.813,452.514,1,-1,-1,-1
124,22,458.581,482.579,190.694,443.208,1,-1,-1,-1
124,16,599.961,403.145,174.361,439.409,1,-1,-1,-1
124,15,750.476,461.715,215.914,458.657,1,-1,-1,-1
124,11,312.542,480.647,225.056,467.71,1,-1,-1,-1
124,7,59.9437,463.643,180.408,477.082,1,-1,-1,-1
125,28,895.445,451.724,172.164,454.921,1,-1,-1,-1
125,22,459.687,481.275,200.145,442.959,1,-1,-1,-1
125,16,604.299,400.601,139.403,427.428,1,-1,-1,-1
125,15,756.169,455.159,164.685,461.842,1,-1,-1,-1
125,11,317.086,476.716,182.911,469.912,1,-1,-1,-1
125,7,57.2634,461.063,194.038,477.586,1,-1,-1,-1
126,28,890.25,451.377,175.129,453.892,1,-1,-1,-1
126,26,213.732,379.841,100.778,435.654,1,-1,-1,-1
126,22,459.094,477.438,196.126,447.098,1,-1,-1,-1
126,16,606.603,394.675,103.821,414.627,1,-1,-1,-1
126,15,753.373,449.557,131.292,464.944,1,-1,-1,-1
126,11,315.335,472.897,132.955,471.188,1,-1,-1,-1
126,7,50.8785,460.189,201.19,476.227,1,-1,-1,-1
127,28,878.935,452.958,175.099,454.852,1,-1,-1,-1
127,22,451.33,479.234,198.756,450.515,1,-1,-1,-1
127,15,732.454,443.267,131.839,471.175,1,-1,-1,-1
127,11,278.765,466.458,146.64,474.579,1,-1,-1,-1
127,7,40.5289,462.12,203.217,474.23,1,-1,-1,-1
128,28,868.311,457.07,178.033,456.35,1,-1,-1,-1
128,22,446.238,483.272,202.452,460.551,1,-1,-1,-1
128,15,685.234,438.89,159.294,472.848,1,-1,-1,-1
128,11,249.802,461.987,159.525,480.572,1,-1,-1,-1
128,7,33.2859,462.731,198.71,489.677,1,-1,-1,-1
129,28,860.663,458.906,190.292,459.787,1,-1,-1,-1
129,22,443.836,475.135,201.233,465.152,1,-1,-1,-1
129,15,641.639,433.938,193.635,473.263,1,-1,-1,-1
129,11,225.237,454.036,177.277,482.911,1,-1,-1,-1
129,7,28.6999,465.79,195.517,491.945,1,-1,-1,-1
130,28,854.411,463.954,201.963,460.527,1,-1,-1,-1
130,22,442.372,475.72,199.595,475.743,1,-1,-1,-1
130,15,628.857,430.641,206.196,472.07,1,-1,-1,-1
130,11,201.833,448.162,200.504,484.875,1,-1,-1,-1
130,7,26.2151,468.375,201.623,494.503,1,-1,-1,-1
