1.000000,-1.000000,261.708008,284.323669,90.050720,400.989014,1.000000,1.000000,1.000000
1.000000,-1.000000,498.547882,362.131836,96.775604,418.662537,1.000000,1.000000,1.000000
1.000000,-1.000000,388.994354,323.377075,95.137634,406.681641,1.000000,1.000000,1.000000
1.000000,-1.000000,1013.783081,373.308624,103.404175,436.292938,1.000000,1.000000,1.000000
1.000000,-1.000000,757.528198,436.425568,117.370667,445.442657,1.000000,1.000000,1.000000
1.000000,-1.000000,620.113464,401.311646,112.327881,426.155151,1.000000,1.000000,1.000000
1.000000,-1.000000,881.695618,343.527161,102.085999,419.179016,1.000000,1.000000,1.000000
1.000000,-1.000000,1365.527344,368.971436,143.600342,407.529541,1.000000,1.000000,1.000000
1.000000,-1.000000,1152.090820,412.103119,115.513916,446.436432,1.000000,1.000000,1.000000
1.000000,-1.000000,1537.364624,412.623199,123.475342,420.470856,1.000000,1.000000,1.000000
1.000000,-1.000000,1263.503174,337.559326,114.351807,406.105530,1.000000,1.000000,1.000000
1.000000,-1.000000,1859.731934,402.516602,58.917969,411.284912,1.000000,1.000000,1.000000
2.000000,-1.000000,271.903625,279.052002,89.408661,400.688599,1.000000,1.000000,1.000000
2.000000,-1.000000,1163.093994,405.967438,113.954346,447.247101,1.000000,1.000000,1.000000
2.000000,-1.000000,398.719696,318.935577,95.043335,405.243500,1.000000,1.000000,1.000000
2.000000,-1.000000,507.910492,357.007263,96.213531,417.353882,1.000000,1.000000,1.000000
2.000000,-1.000000,765.585205,429.139709,119.631836,447.307617,1.000000,1.000000,1.000000
2.000000,-1.000000,626.935730,396.840759,113.340759,426.363098,1.000000,1.000000,1.000000
2.000000,-1.000000,1024.410400,368.351746,101.504150,435.134827,1.000000,1.000000,1.000000
2.000000,-1.000000,893.064941,338.268921,98.559631,419.153381,1.000000,1.000000,1.000000
2.000000,-1.000000,1539.485962,406.508942,130.523560,421.965729,1.000000,1.000000,1.000000
2.000000,-1.000000,1273.023560,332.655853,111.756104,405.913788,1.000000,1.000000,1.000000
2.000000,-1.000000,1744.734009,370.449310,107.316162,396.972992,1.000000,1.000000,1.000000
3.000000,-1.000000,773.611572,429.665527,117.002075,444.881470,1.000000,1.000000,1.000000
3.000000,-1.000000,622.083374,396.863556,123.508850,426.463898,1.000000,1.000000,1.000000
3.000000,-1.000000,1166.810791,405.244080,115.269409,447.184448,1.000000,1.000000,1.000000
3.000000,-1.000000,514.093811,356.077423,96.811768,418.420258,1.000000,1.000000,1.000000
3.000000,-1.000000,277.137329,278.174500,90.169800,401.125427,1.000000,1.000000,1.000000
3.000000,-1.000000,402.885284,319.044067,97.304596,405.131836,1.000000,1.000000,1.000000
3.000000,-1.000000,895.390076,337.627136,101.237305,419.807312,1.000000,1.000000,1.000000
3.000000,-1.000000,1025.415649,368.011139,105.470703,435.111053,1.000000,1.000000,1.000000
3.000000,-1.000000,1277.265869,332.105743,129.281006,405.013458,1.000000,1.000000,1.000000
3.000000,-1.000000,1738.386597,370.364441,121.038452,393.175598,1.000000,1.000000,1.000000
4.000000,-1.000000,272.420227,275.674988,92.470520,400.141846,1.000000,1.000000,1.000000
4.000000,-1.000000,1161.274292,403.835388,117.751709,444.628479,1.000000,1.000000,1.000000
4.000000,-1.000000,885.427917,334.655487,105.372803,418.787506,1.000000,1.000000,1.000000
4.000000,-1.000000,774.042664,428.838257,122.574829,442.010742,1.000000,1.000000,1.000000
4.000000,-1.000000,610.286621,395.624939,131.646118,419.335754,1.000000,1.000000,1.000000
4.000000,-1.000000,399.754517,318.187042,97.553497,401.854034,1.000000,1.000000,1.000000
4.000000,-1.000000,509.364075,352.825043,98.165588,417.052948,1.000000,1.000000,1.000000
4.000000,-1.000000,1018.823364,366.013489,107.131104,429.740723,1.000000,1.000000,1.000000
4.000000,-1.000000,1269.466309,330.550018,124.306030,403.675323,1.000000,1.000000,1.000000
4.000000,-1.000000,1728.494141,368.160919,135.716919,389.613495,1.000000,1.000000,1.000000
5.000000,-1.000000,270.016205,269.029541,99.231537,398.975159,1.000000,1.000000,1.000000
5.000000,-1.000000,1158.664062,396.668549,123.089355,445.048370,1.000000,1.000000,1.000000
5.000000,-1.000000,397.452454,311.368896,104.593658,397.565918,1.000000,1.000000,1.000000
5.000000,-1.000000,998.813843,359.031769,137.205078,427.668243,1.000000,1.000000,1.000000
5.000000,-1.000000,512.850281,344.280884,100.100525,417.187134,1.000000,1.000000,1.000000
5.000000,-1.000000,879.686523,326.759094,113.658691,417.502075,1.000000,1.000000,1.000000
5.000000,-1.000000,622.651184,389.229736,122.094299,413.233215,1.000000,1.000000,1.000000
5.000000,-1.000000,1265.623779,321.408569,130.519165,401.997131,1.000000,1.000000,1.000000
6.000000,-1.000000,265.043182,265.625183,109.621948,398.509460,1.000000,1.000000,1.000000
6.000000,-1.000000,390.782715,307.777069,117.754395,395.304474,1.000000,1.000000,1.000000
6.000000,-1.000000,515.558167,341.073181,102.059753,415.863953,1.000000,1.000000,1.000000
6.000000,-1.000000,974.395813,352.731659,179.522156,429.999725,1.000000,1.000000,1.000000
6.000000,-1.000000,1162.400391,394.096527,124.536011,444.390533,1.000000,1.000000,1.000000
6.000000,-1.000000,873.577393,322.205322,125.396729,419.853394,1.000000,1.000000,1.000000
6.000000,-1.000000,742.481567,416.671783,181.489136,443.784882,1.000000,1.000000,1.000000
6.000000,-1.000000,1109.496948,288.684235,134.034668,387.866547,1.000000,1.000000,1.000000
6.000000,-1.000000,1511.856934,392.735260,176.119751,412.546661,1.000000,1.000000,1.000000
6.000000,-1.000000,1266.855347,316.915344,136.020020,399.792297,1.000000,1.000000,1.000000
6.000000,-1.000000,1676.158203,255.323868,131.762695,352.760132,1.000000,1.000000,1.000000
7.000000,-1.000000,254.911911,264.135406,125.724075,397.658783,1.000000,1.000000,1.000000
7.000000,-1.000000,378.695099,306.021698,145.437286,393.643524,1.000000,1.000000,1.000000
7.000000,-1.000000,518.550415,337.445587,101.494263,414.401459,1.000000,1.000000,1.000000
7.000000,-1.000000,570.255554,384.716980,180.088928,410.225281,1.000000,1.000000,1.000000
7.000000,-1.000000,712.151672,416.362732,220.765625,444.521667,1.000000,1.000000,1.000000
7.000000,-1.000000,870.063904,320.168121,133.782288,421.440094,1.000000,1.000000,1.000000
7.000000,-1.000000,1167.463501,394.588013,122.481812,439.119873,1.000000,1.000000,1.000000
7.000000,-1.000000,1352.717651,345.187927,188.622681,419.235840,1.000000,1.000000,1.000000
7.000000,-1.000000,1704.821533,350.999390,169.142700,395.758789,1.000000,1.000000,1.000000
8.000000,-1.000000,240.178528,263.034729,149.258698,396.694702,1.000000,1.000000,1.000000
8.000000,-1.000000,363.812286,305.952942,170.731049,390.771179,1.000000,1.000000,1.000000
8.000000,-1.000000,967.734436,345.935577,181.672791,437.081390,1.000000,1.000000,1.000000
8.000000,-1.000000,711.256042,415.634705,223.273682,443.207092,1.000000,1.000000,1.000000
8.000000,-1.000000,560.999146,382.164307,190.933838,410.449158,1.000000,1.000000,1.000000
8.000000,-1.000000,869.375183,320.249054,136.421753,419.997223,1.000000,1.000000,1.000000
8.000000,-1.000000,1462.896606,385.023895,266.762939,417.990143,1.000000,1.000000,1.000000
8.000000,-1.000000,1359.799927,343.898468,176.958740,419.727081,1.000000,1.000000,1.000000
8.000000,-1.000000,1122.304565,393.170380,173.228516,439.167816,1.000000,1.000000,1.000000
9.000000,-1.000000,226.984573,263.704620,169.574844,392.664215,1.000000,1.000000,1.000000
9.000000,-1.000000,351.918488,304.772736,189.153351,387.939362,1.000000,1.000000,1.000000
9.000000,-1.000000,711.283142,415.453613,218.652466,440.345215,1.000000,1.000000,1.000000
9.000000,-1.000000,870.511902,320.130920,138.633301,417.130127,1.000000,1.000000,1.000000
9.000000,-1.000000,558.725708,377.968872,192.378357,415.131165,1.000000,1.000000,1.000000
9.000000,-1.000000,1464.396484,383.174316,267.767334,421.285400,1.000000,1.000000,1.000000
9.000000,-1.000000,1360.880981,342.314819,172.546143,417.913330,1.000000,1.000000,1.000000
9.000000,-1.000000,1707.364868,348.843018,164.315063,396.925354,1.000000,1.000000,1.000000
9.000000,-1.000000,1118.327881,393.753357,179.006104,438.357666,1.000000,1.000000,1.000000
10.000000,-1.000000,346.973999,302.159302,198.224548,389.142700,1.000000,1.000000,1.000000
10.000000,-1.000000,213.225586,261.785126,188.837372,393.515961,1.000000,1.000000,1.000000
10.000000,-1.000000,710.098450,414.602112,204.093628,440.150940,1.000000,1.000000,1.000000
10.000000,-1.000000,561.269775,375.781464,186.768066,426.864410,1.000000,1.000000,1.000000
10.000000,-1.000000,883.830139,318.154724,128.048218,416.561523,1.000000,1.000000,1.000000
10.000000,-1.000000,1024.543091,348.383972,115.062988,431.738708,1.000000,1.000000,1.000000
10.000000,-1.000000,1713.126221,347.172394,159.014038,395.805023,1.000000,1.000000,1.000000
10.000000,-1.000000,1474.136230,381.989075,234.363525,421.564026,1.000000,1.000000,1.000000
10.000000,-1.000000,1124.807495,391.594177,174.907959,437.822632,1.000000,1.000000,1.000000
11.000000,-1.000000,350.409058,300.701385,191.144592,391.452728,1.000000,1.000000,1.000000
11.000000,-1.000000,205.033371,261.785431,198.025223,392.313019,1.000000,1.000000,1.000000
11.000000,-1.000000,566.224854,376.668793,184.146912,423.070282,1.000000,1.000000,1.000000
11.000000,-1.000000,724.074829,414.091583,194.834534,437.795197,1.000000,1.000000,1.000000
11.000000,-1.000000,912.232300,315.705109,100.278198,417.145477,1.000000,1.000000,1.000000
11.000000,-1.000000,1419.846436,341.346313,112.256348,413.560608,1.000000,1.000000,1.000000
11.000000,-1.000000,1511.087158,381.216522,179.719849,418.345245,1.000000,1.000000,1.000000
11.000000,-1.000000,1280.093628,309.962952,122.952637,400.867676,1.000000,1.000000,1.000000
12.000000,-1.000000,211.362167,259.738159,203.132431,392.277466,1.000000,1.000000,1.000000
12.000000,-1.000000,367.828125,297.916229,167.530334,391.644012,1.000000,1.000000,1.000000
12.000000,-1.000000,782.930725,412.193146,148.206909,436.815582,1.000000,1.000000,1.000000
12.000000,-1.000000,1543.830200,378.891174,155.994873,415.840759,1.000000,1.000000,1.000000
12.000000,-1.000000,580.412170,374.723877,178.925781,422.906128,1.000000,1.000000,1.000000
12.000000,-1.000000,1162.513916,380.082428,137.190918,442.654266,1.000000,1.000000,1.000000
12.000000,-1.000000,1027.057617,348.890564,126.812012,423.518677,1.000000,1.000000,1.000000
12.000000,-1.000000,1424.501587,338.239624,125.685425,412.583252,1.000000,1.000000,1.000000
12.000000,-1.000000,917.296265,311.479004,105.897095,417.629456,1.000000,1.000000,1.000000
12.000000,-1.000000,1306.998779,306.640564,100.266846,400.857361,1.000000,1.000000,1.000000
13.000000,-1.000000,225.640335,257.379791,202.076218,391.384857,1.000000,1.000000,1.000000
13.000000,-1.000000,388.424286,294.026245,142.226227,393.123779,1.000000,1.000000,1.000000
13.000000,-1.000000,1179.893677,381.379181,125.550415,439.146149,1.000000,1.000000,1.000000
13.000000,-1.000000,791.830688,408.017487,158.467529,436.697479,1.000000,1.000000,1.000000
13.000000,-1.000000,1576.592407,375.774628,139.791992,416.003326,1.000000,1.000000,1.000000
13.000000,-1.000000,1770.341309,350.540466,110.390869,380.097778,1.000000,1.000000,1.000000
13.000000,-1.000000,638.546570,372.039856,132.472778,422.673340,1.000000,1.000000,1.000000
13.000000,-1.000000,925.289978,308.037506,115.366760,416.915131,1.000000,1.000000,1.000000
13.000000,-1.000000,1324.796875,301.800140,97.040771,402.039398,1.000000,1.000000,1.000000
14.000000,-1.000000,239.764084,251.199539,196.580124,391.852112,1.000000,1.000000,1.000000
14.000000,-1.000000,791.630676,401.809906,171.698303,436.887177,1.000000,1.000000,1.000000
14.000000,-1.000000,1196.890137,375.244598,125.393555,442.641815,1.000000,1.000000,1.000000
14.000000,-1.000000,407.404541,288.455231,126.740417,393.594513,1.000000,1.000000,1.000000
14.000000,-1.000000,1032.492065,339.318604,155.821777,426.139648,1.000000,1.000000,1.000000
14.000000,-1.000000,559.795288,316.989105,102.554871,410.123199,1.000000,1.000000,1.000000
14.000000,-1.000000,1580.028442,371.821259,150.947388,414.853607,1.000000,1.000000,1.000000
14.000000,-1.000000,1430.694458,330.929047,138.964233,411.386322,1.000000,1.000000,1.000000
14.000000,-1.000000,648.626526,369.208282,119.183228,420.664581,1.000000,1.000000,1.000000
14.000000,-1.000000,1778.908569,337.376221,117.044800,390.717529,1.000000,1.000000,1.000000
14.000000,-1.000000,928.466553,303.151001,127.146973,416.521179,1.000000,1.000000,1.000000
15.000000,-1.000000,264.589539,246.112976,171.650665,392.926147,1.000000,1.000000,1.000000
15.000000,-1.000000,787.026184,402.209869,190.750122,433.492767,1.000000,1.000000,1.000000
15.000000,-1.000000,1195.816284,373.558197,137.929688,441.066803,1.000000,1.000000,1.000000
15.000000,-1.000000,417.958221,284.687408,124.698883,393.527863,1.000000,1.000000,1.000000
15.000000,-1.000000,1578.270386,366.967926,167.459229,417.549530,1.000000,1.000000,1.000000
15.000000,-1.000000,556.802795,314.191772,115.691101,408.747437,1.000000,1.000000,1.000000
15.000000,-1.000000,1779.833130,332.837280,128.404541,392.399292,1.000000,1.000000,1.000000
15.000000,-1.000000,1430.391846,325.970947,150.160889,412.737732,1.000000,1.000000,1.000000
15.000000,-1.000000,1036.940918,338.792175,161.703125,423.230591,1.000000,1.000000,1.000000
15.000000,-1.000000,649.956360,369.073883,122.151489,416.585358,1.000000,1.000000,1.000000
15.000000,-1.000000,1543.362427,269.674194,90.816528,362.628296,1.000000,1.000000,1.000000
15.000000,-1.000000,1322.905640,292.657837,125.835083,401.773499,1.000000,1.000000,1.000000
16.000000,-1.000000,278.977753,244.102921,156.561523,392.462158,1.000000,1.000000,1.000000
16.000000,-1.000000,1194.350586,372.427948,152.941895,438.303436,1.000000,1.000000,1.000000
16.000000,-1.000000,782.275146,403.838989,207.692017,430.103760,1.000000,1.000000,1.000000
16.000000,-1.000000,418.338226,283.596954,131.908539,393.167267,1.000000,1.000000,1.000000
16.000000,-1.000000,1571.053223,364.933350,188.303345,417.080750,1.000000,1.000000,1.000000
16.000000,-1.000000,555.648499,312.358582,124.976013,399.234863,1.000000,1.000000,1.000000
16.000000,-1.000000,1782.116699,331.902924,135.030029,390.533539,1.000000,1.000000,1.000000
16.000000,-1.000000,1416.574219,323.644592,179.212524,414.457703,1.000000,1.000000,1.000000
16.000000,-1.000000,924.604553,301.842407,142.034363,405.718384,1.000000,1.000000,1.000000
16.000000,-1.000000,1323.053345,289.546997,129.697021,383.975220,1.000000,1.000000,1.000000
17.000000,-1.000000,411.042328,281.726990,149.494598,393.778442,1.000000,1.000000,1.000000
17.000000,-1.000000,764.050354,404.887726,243.344177,427.010712,1.000000,1.000000,1.000000
17.000000,-1.000000,1187.525024,373.569977,173.921387,436.514679,1.000000,1.000000,1.000000
17.000000,-1.000000,302.396881,231.350494,124.530762,403.193268,1.000000,1.000000,1.000000
17.000000,-1.000000,1776.197144,330.146149,141.797241,390.468781,1.000000,1.000000,1.000000
17.000000,-1.000000,1575.377441,366.188293,197.625610,414.478699,1.000000,1.000000,1.000000
17.000000,-1.000000,925.819336,300.544037,148.389771,390.983429,1.000000,1.000000,1.000000
17.000000,-1.000000,625.492126,367.454010,172.989502,415.439545,1.000000,1.000000,1.000000
17.000000,-1.000000,1676.460571,283.094116,126.266113,393.498291,1.000000,1.000000,1.000000
17.000000,-1.000000,1019.908386,339.655487,198.631409,416.372894,1.000000,1.000000,1.000000
17.000000,-1.000000,1420.979614,322.184143,186.118774,413.312561,1.000000,1.000000,1.000000
17.000000,-1.000000,1328.636963,285.956207,133.904297,390.661407,1.000000,1.000000,1.000000
18.000000,-1.000000,402.679291,284.087738,163.160309,392.403595,1.000000,1.000000,1.000000
18.000000,-1.000000,765.611938,404.452393,250.424927,428.460205,1.000000,1.000000,1.000000
18.000000,-1.000000,316.847565,233.780960,111.299774,402.471436,1.000000,1.000000,1.000000
18.000000,-1.000000,1179.853638,377.330872,192.306519,433.235535,1.000000,1.000000,1.000000
18.000000,-1.000000,1766.429443,330.717987,151.846924,389.630646,1.000000,1.000000,1.000000
18.000000,-1.000000,1569.374756,365.316772,213.521240,415.152954,1.000000,1.000000,1.000000
18.000000,-1.000000,633.377441,364.110870,175.034302,418.052948,1.000000,1.000000,1.000000
18.000000,-1.000000,1676.964111,282.069061,127.456421,393.960968,1.000000,1.000000,1.000000
18.000000,-1.000000,559.416199,312.380768,126.038940,383.914032,1.000000,1.000000,1.000000
18.000000,-1.000000,1009.789062,339.119659,203.700439,415.605682,1.000000,1.000000,1.000000
18.000000,-1.000000,1411.613281,323.531555,193.519287,411.601807,1.000000,1.000000,1.000000
18.000000,-1.000000,1334.102661,286.281097,134.118164,386.512482,1.000000,1.000000,1.000000
19.000000,-1.000000,312.578125,245.908310,119.267212,393.061584,1.000000,1.000000,1.000000
19.000000,-1.000000,401.813568,286.819641,170.548676,396.370850,1.000000,1.000000,1.000000
19.000000,-1.000000,761.239502,404.640228,262.034363,428.773529,1.000000,1.000000,1.000000
19.000000,-1.000000,1179.581787,380.652313,205.032227,428.875458,1.000000,1.000000,1.000000
19.000000,-1.000000,1540.282227,364.828644,249.520020,416.403107,1.000000,1.000000,1.000000
19.000000,-1.000000,617.281799,362.024414,202.172485,420.136963,1.000000,1.000000,1.000000
19.000000,-1.000000,1755.844482,329.614899,162.388184,392.429047,1.000000,1.000000,1.000000
19.000000,-1.000000,1415.926880,324.806915,193.569946,409.070343,1.000000,1.000000,1.000000
20.000000,-1.000000,303.794617,246.845245,134.343658,392.474945,1.000000,1.000000,1.000000
20.000000,-1.000000,410.551849,286.775543,171.760590,402.270538,1.000000,1.000000,1.000000
20.000000,-1.000000,1182.783936,374.701965,214.950195,435.687378,1.000000,1.000000,1.000000
20.000000,-1.000000,769.503113,401.155518,254.840271,431.872437,1.000000,1.000000,1.000000
20.000000,-1.000000,1424.698242,325.094482,202.250488,407.946655,1.000000,1.000000,1.000000
20.000000,-1.000000,613.553101,358.467438,213.081116,425.833405,1.000000,1.000000,1.000000
21.000000,-1.000000,290.530182,248.524612,154.424469,397.045044,1.000000,1.000000,1.000000
21.000000,-1.000000,424.307617,292.151367,165.569397,399.457825,1.000000,1.000000,1.000000
21.000000,-1.000000,1196.347534,367.417206,207.114258,444.289520,1.000000,1.000000,1.000000
21.000000,-1.000000,787.356995,401.226532,222.839355,428.088776,1.000000,1.000000,1.000000
21.000000,-1.000000,1058.199951,335.897369,159.641968,411.809479,1.000000,1.000000,1.000000
21.000000,-1.000000,1600.912231,363.165253,177.742920,414.746002,1.000000,1.000000,1.000000
22.000000,-1.000000,288.754883,253.331848,166.303741,398.746399,1.000000,1.000000,1.000000
22.000000,-1.000000,1198.575195,367.739990,200.802856,447.273071,1.000000,1.000000,1.000000
22.000000,-1.000000,436.726105,298.166962,159.995697,398.985443,1.000000,1.000000,1.000000
22.000000,-1.000000,795.995789,399.769867,192.912231,429.838104,1.000000,1.000000,1.000000
22.000000,-1.000000,1801.052612,330.422485,117.194702,386.864990,1.000000,1.000000,1.000000
22.000000,-1.000000,1464.929321,329.464508,166.723755,405.350616,1.000000,1.000000,1.000000
22.000000,-1.000000,1722.656494,282.792450,98.306274,384.109039,1.000000,1.000000,1.000000
22.000000,-1.000000,632.830627,362.258545,195.311035,426.135315,1.000000,1.000000,1.000000
22.000000,-1.000000,1601.351318,364.627228,160.873779,414.343292,1.000000,1.000000,1.000000
22.000000,-1.000000,946.828491,288.929840,148.372437,399.520538,1.000000,1.000000,1.000000
23.000000,-1.000000,296.273132,256.248291,163.697083,399.374146,1.000000,1.000000,1.000000
23.000000,-1.000000,449.225159,302.424622,157.090332,398.535889,1.000000,1.000000,1.000000
23.000000,-1.000000,810.187195,402.783722,152.726624,431.112885,1.000000,1.000000,1.000000
23.000000,-1.000000,1207.822144,368.249298,177.057251,446.402069,1.000000,1.000000,1.000000
23.000000,-1.000000,1817.497314,332.631531,100.271606,390.345642,1.000000,1.000000,1.000000
23.000000,-1.000000,1610.554321,363.878479,131.987427,420.567688,1.000000,1.000000,1.000000
23.000000,-1.000000,1483.374146,333.570343,138.416382,403.120514,1.000000,1.000000,1.000000
23.000000,-1.000000,959.116455,289.657227,127.540649,399.585754,1.000000,1.000000,1.000000
23.000000,-1.000000,643.839966,366.904022,167.431885,424.018341,1.000000,1.000000,1.000000
23.000000,-1.000000,858.546082,290.600861,124.194824,346.020966,1.000000,1.000000,1.000000
24.000000,-1.000000,300.795654,260.115234,154.702148,403.099243,1.000000,1.000000,1.000000
24.000000,-1.000000,452.996582,306.948029,155.895386,399.230438,1.000000,1.000000,1.000000
24.000000,-1.000000,1218.836060,371.008240,140.840576,448.911499,1.000000,1.000000,1.000000
24.000000,-1.000000,637.817810,370.322205,144.557434,424.623718,1.000000,1.000000,1.000000
24.000000,-1.000000,803.484070,405.999969,128.743103,431.365570,1.000000,1.000000,1.000000
24.000000,-1.000000,1824.555542,336.582642,92.925293,392.179932,1.000000,1.000000,1.000000
24.000000,-1.000000,1719.903687,291.859894,115.139771,383.015717,1.000000,1.000000,1.000000
24.000000,-1.000000,1485.957520,337.810303,107.812134,405.508728,1.000000,1.000000,1.000000
24.000000,-1.000000,1060.541016,337.012146,113.140259,421.373108,1.000000,1.000000,1.000000
24.000000,-1.000000,1600.688965,374.994812,113.971191,413.963379,1.000000,1.000000,1.000000
24.000000,-1.000000,862.494690,296.758575,125.747131,344.032379,1.000000,1.000000,1.000000
24.000000,-1.000000,966.168030,291.327209,120.320374,401.411011,1.000000,1.000000,1.000000
25.000000,-1.000000,453.074615,315.197205,155.161713,398.085327,1.000000,1.000000,1.000000
25.000000,-1.000000,299.087982,268.319855,145.703278,401.827911,1.000000,1.000000,1.000000
25.000000,-1.000000,766.883423,413.407440,160.439758,433.323944,1.000000,1.000000,1.000000
25.000000,-1.000000,1211.677246,376.762146,112.964355,449.219360,1.000000,1.000000,1.000000
25.000000,-1.000000,626.048889,373.970612,113.395935,432.118256,1.000000,1.000000,1.000000
25.000000,-1.000000,1576.147705,378.914154,137.973755,418.332367,1.000000,1.000000,1.000000
25.000000,-1.000000,1026.185059,347.640656,146.568359,420.724030,1.000000,1.000000,1.000000
25.000000,-1.000000,1814.818481,341.974121,87.916260,393.088135,1.000000,1.000000,1.000000
25.000000,-1.000000,862.943237,304.815247,126.104309,357.377747,1.000000,1.000000,1.000000
25.000000,-1.000000,1709.557739,300.096649,120.813843,379.844818,1.000000,1.000000,1.000000
25.000000,-1.000000,964.180115,298.686920,120.402039,407.656342,1.000000,1.000000,1.000000
25.000000,-1.000000,1285.141357,298.843964,128.244141,379.075531,1.000000,1.000000,1.000000
25.000000,-1.000000,1384.211426,303.975830,93.837646,376.969543,1.000000,1.000000,1.000000
26.000000,-1.000000,304.998169,276.021912,137.465393,401.625610,1.000000,1.000000,1.000000
26.000000,-1.000000,1178.592773,386.143524,134.543457,447.241119,1.000000,1.000000,1.000000
26.000000,-1.000000,732.642700,416.045319,202.097351,437.177826,1.000000,1.000000,1.000000
26.000000,-1.000000,459.179260,323.362061,151.864380,399.126831,1.000000,1.000000,1.000000
26.000000,-1.000000,1530.987793,385.094910,191.027588,418.142761,1.000000,1.000000,1.000000
26.000000,-1.000000,1802.806152,348.427887,97.503662,394.103790,1.000000,1.000000,1.000000
26.000000,-1.000000,687.915466,274.881012,127.660522,375.847565,1.000000,1.000000,1.000000
26.000000,-1.000000,992.441711,351.404755,184.200256,422.579010,1.000000,1.000000,1.000000
26.000000,-1.000000,866.079712,314.673096,149.758057,393.866821,1.000000,1.000000,1.000000
26.000000,-1.000000,1708.085815,306.864227,119.445190,377.343353,1.000000,1.000000,1.000000
26.000000,-1.000000,1448.538574,354.031494,129.233887,401.463745,1.000000,1.000000,1.000000
26.000000,-1.000000,1275.986450,308.192474,179.035400,378.019440,1.000000,1.000000,1.000000
26.000000,-1.000000,1653.963867,304.860718,93.027710,327.172913,1.000000,1.000000,1.000000
26.000000,-1.000000,963.492004,305.259583,101.499695,396.918091,1.000000,1.000000,1.000000
27.000000,-1.000000,310.784485,289.969788,136.670624,400.520508,1.000000,1.000000,1.000000
27.000000,-1.000000,1157.313232,395.930359,165.923828,448.852234,1.000000,1.000000,1.000000
27.000000,-1.000000,469.678711,337.569824,148.344116,403.519897,1.000000,1.000000,1.000000
27.000000,-1.000000,1522.366943,395.626068,207.881348,416.558990,1.000000,1.000000,1.000000
27.000000,-1.000000,1276.168701,321.160187,173.154907,384.904022,1.000000,1.000000,1.000000
27.000000,-1.000000,1657.385864,315.559631,118.340942,360.634644,1.000000,1.000000,1.000000
28.000000,-1.000000,669.168945,435.484528,265.925110,434.823761,1.000000,1.000000,1.000000
28.000000,-1.000000,289.063171,298.991547,152.531311,400.339691,1.000000,1.000000,1.000000
28.000000,-1.000000,1125.743408,404.592346,191.328003,445.061584,1.000000,1.000000,1.000000
28.000000,-1.000000,1486.948364,400.536316,236.038452,417.187500,1.000000,1.000000,1.000000
28.000000,-1.000000,926.469971,377.355316,253.501465,417.494537,1.000000,1.000000,1.000000
28.000000,-1.000000,540.228333,396.856598,197.041931,430.987579,1.000000,1.000000,1.000000
28.000000,-1.000000,1631.028564,321.117706,154.336060,382.000580,1.000000,1.000000,1.000000
28.000000,-1.000000,846.893982,337.370361,175.705933,399.124878,1.000000,1.000000,1.000000
29.000000,-1.000000,269.924744,310.192627,164.406403,399.682129,1.000000,1.000000,1.000000
29.000000,-1.000000,1077.730225,413.448975,226.563354,444.500610,1.000000,1.000000,1.000000
29.000000,-1.000000,1452.468262,408.085297,254.761963,416.915741,1.000000,1.000000,1.000000
29.000000,-1.000000,638.190430,444.070160,280.587280,433.401154,1.000000,1.000000,1.000000
29.000000,-1.000000,482.522552,405.084869,228.957306,429.666412,1.000000,1.000000,1.000000
29.000000,-1.000000,911.120300,379.472778,234.190125,424.186890,1.000000,1.000000,1.000000
29.000000,-1.000000,1628.076416,325.918549,138.916138,390.197052,1.000000,1.000000,1.000000
29.000000,-1.000000,818.228394,333.632141,190.499878,417.150940,1.000000,1.000000,1.000000
29.000000,-1.000000,1361.837769,375.045166,176.267822,396.081543,1.000000,1.000000,1.000000
29.000000,-1.000000,1253.437744,340.609711,188.806030,373.260651,1.000000,1.000000,1.000000
30.000000,-1.000000,615.399414,445.717468,281.826172,437.807861,1.000000,1.000000,1.000000
30.000000,-1.000000,1055.015503,414.456177,239.706665,448.272339,1.000000,1.000000,1.000000
30.000000,-1.000000,246.113495,315.868286,184.407013,407.871704,1.000000,1.000000,1.000000
30.000000,-1.000000,1443.283569,410.337311,246.145264,419.205902,1.000000,1.000000,1.000000
30.000000,-1.000000,454.671051,411.090668,244.599396,430.782990,1.000000,1.000000,1.000000
30.000000,-1.000000,1346.632080,372.939148,213.134644,406.231934,1.000000,1.000000,1.000000
31.000000,-1.000000,230.909424,320.148224,195.461975,410.069977,1.000000,1.000000,1.000000
31.000000,-1.000000,1046.101685,414.526398,232.848633,447.215912,1.000000,1.000000,1.000000
31.000000,-1.000000,614.375366,445.755981,254.714722,437.623230,1.000000,1.000000,1.000000
31.000000,-1.000000,1434.577759,409.417450,227.788818,417.766876,1.000000,1.000000,1.000000
31.000000,-1.000000,443.032623,414.964905,246.936249,426.246277,1.000000,1.000000,1.000000
31.000000,-1.000000,1345.059204,371.747650,193.782715,404.379120,1.000000,1.000000,1.000000
32.000000,-1.000000,1030.584473,409.547272,211.059692,451.231476,1.000000,1.000000,1.000000
32.000000,-1.000000,602.079346,440.990326,217.903564,441.826202,1.000000,1.000000,1.000000
32.000000,-1.000000,215.315933,320.171875,186.614517,412.846191,1.000000,1.000000,1.000000
32.000000,-1.000000,424.597107,414.607208,229.039795,425.608185,1.000000,1.000000,1.000000
32.000000,-1.000000,1428.078125,405.954132,188.636841,420.446747,1.000000,1.000000,1.000000
32.000000,-1.000000,892.597778,372.900299,167.174438,434.761444,1.000000,1.000000,1.000000
32.000000,-1.000000,1654.144653,378.662231,179.715576,387.217712,1.000000,1.000000,1.000000
33.000000,-1.000000,204.132126,318.886902,169.764694,416.685608,1.000000,1.000000,1.000000
33.000000,-1.000000,1023.112854,408.747070,180.136169,450.647888,1.000000,1.000000,1.000000
33.000000,-1.000000,1431.913330,404.840729,138.832397,417.776886,1.000000,1.000000,1.000000
33.000000,-1.000000,417.992798,411.115295,201.818359,426.682434,1.000000,1.000000,1.000000
33.000000,-1.000000,1796.422607,395.422668,122.143677,413.057800,1.000000,1.000000,1.000000
33.000000,-1.000000,600.309998,437.530121,170.690552,446.367401,1.000000,1.000000,1.000000
33.000000,-1.000000,1659.524170,378.578430,155.977783,385.397522,1.000000,1.000000,1.000000
34.000000,-1.000000,202.555298,317.675018,152.643372,417.556732,1.000000,1.000000,1.000000
34.000000,-1.000000,1021.469360,405.989929,142.777222,452.039001,1.000000,1.000000,1.000000
34.000000,-1.000000,415.255585,409.509460,164.553741,426.543823,1.000000,1.000000,1.000000
34.000000,-1.000000,595.638916,430.444946,122.563721,451.682983,1.000000,1.000000,1.000000
34.000000,-1.000000,1785.328613,389.773621,109.687134,416.752441,1.000000,1.000000,1.000000
34.000000,-1.000000,1229.571655,331.544373,99.069824,385.384766,1.000000,1.000000,1.000000
34.000000,-1.000000,1420.078369,403.027496,106.097656,422.866180,1.000000,1.000000,1.000000
34.000000,-1.000000,1645.017822,375.578644,151.911011,387.778290,1.000000,1.000000,1.000000
34.000000,-1.000000,1587.474976,323.019989,83.188599,384.088531,1.000000,1.000000,1.000000
34.000000,-1.000000,864.682251,364.758362,148.126831,442.929077,1.000000,1.000000,1.000000
34.000000,-1.000000,967.046692,303.311646,101.690247,371.703552,1.000000,1.000000,1.000000
35.000000,-1.000000,198.159103,316.099426,146.298874,415.783447,1.000000,1.000000,1.000000
35.000000,-1.000000,1009.478149,403.115326,111.294312,453.463531,1.000000,1.000000,1.000000
35.000000,-1.000000,1766.198120,387.395416,104.462769,418.563324,1.000000,1.000000,1.000000
35.000000,-1.000000,411.587402,409.454498,157.258728,425.493500,1.000000,1.000000,1.000000
35.000000,-1.000000,566.028015,426.769135,125.297913,453.565216,1.000000,1.000000,1.000000
35.000000,-1.000000,850.113037,361.812683,152.834717,441.833984,1.000000,1.000000,1.000000
35.000000,-1.000000,1407.497559,398.177490,98.282959,426.789612,1.000000,1.000000,1.000000
35.000000,-1.000000,1222.320679,326.742462,102.645386,374.467255,1.000000,1.000000,1.000000
35.000000,-1.000000,1565.143921,321.411163,99.475586,356.818085,1.000000,1.000000,1.000000
35.000000,-1.000000,1633.275269,350.363434,136.693359,410.986298,1.000000,1.000000,1.000000
35.000000,-1.000000,1303.139038,355.775604,125.625366,413.926971,1.000000,1.000000,1.000000
36.000000,-1.000000,181.556824,319.661438,147.878174,416.739075,1.000000,1.000000,1.000000
36.000000,-1.000000,1736.915771,390.294739,122.102783,420.973022,1.000000,1.000000,1.000000
36.000000,-1.000000,1525.968018,324.516693,135.373169,366.563934,1.000000,1.000000,1.000000
36.000000,-1.000000,977.690186,406.550385,111.465942,454.898712,1.000000,1.000000,1.000000
36.000000,-1.000000,1175.233276,328.738098,130.920410,369.604614,1.000000,1.000000,1.000000
36.000000,-1.000000,536.438843,428.595001,137.407593,455.392059,1.000000,1.000000,1.000000
36.000000,-1.000000,1362.463867,411.499603,138.299194,417.245514,1.000000,1.000000,1.000000
36.000000,-1.000000,762.298889,325.241943,104.030518,383.597229,1.000000,1.000000,1.000000
36.000000,-1.000000,1629.112549,365.260468,132.209839,403.328583,1.000000,1.000000,1.000000
37.000000,-1.000000,159.641342,326.091583,160.939072,418.480804,1.000000,1.000000,1.000000
37.000000,-1.000000,946.011353,412.154938,139.714722,453.702789,1.000000,1.000000,1.000000
37.000000,-1.000000,480.629547,431.389771,187.552521,457.701233,1.000000,1.000000,1.000000
37.000000,-1.000000,1308.019287,410.127258,196.619873,424.061218,1.000000,1.000000,1.000000
37.000000,-1.000000,1139.861206,333.025208,152.469971,372.177917,1.000000,1.000000,1.000000
37.000000,-1.000000,1701.276733,398.531219,155.689331,413.636078,1.000000,1.000000,1.000000
37.000000,-1.000000,728.680237,328.709808,133.316711,452.508759,1.000000,1.000000,1.000000
37.000000,-1.000000,792.919189,370.422089,181.338196,441.132416,1.000000,1.000000,1.000000
37.000000,-1.000000,364.488586,416.990662,173.634949,428.294983,1.000000,1.000000,1.000000
37.000000,-1.000000,1624.048340,379.302643,116.733276,392.865997,1.000000,1.000000,1.000000
37.000000,-1.000000,1261.718018,360.947723,121.685303,398.545807,1.000000,1.000000,1.000000
37.000000,-1.000000,1666.502563,365.964752,99.740601,376.214752,1.000000,1.000000,1.000000
38.000000,-1.000000,138.280106,327.023895,175.827225,418.921661,1.000000,1.000000,1.000000
38.000000,-1.000000,439.717896,429.343933,226.649109,457.778809,1.000000,1.000000,1.000000
38.000000,-1.000000,1098.912109,329.002869,201.416870,368.286804,1.000000,1.000000,1.000000
38.000000,-1.000000,894.623596,413.003235,188.680237,450.929382,1.000000,1.000000,1.000000
38.000000,-1.000000,1264.120972,408.651520,223.801392,421.339691,1.000000,1.000000,1.000000
38.000000,-1.000000,1670.831787,397.042145,185.703369,414.692413,1.000000,1.000000,1.000000
38.000000,-1.000000,763.554871,364.692780,170.200745,440.226288,1.000000,1.000000,1.000000
38.000000,-1.000000,336.519012,413.304840,194.487091,422.370392,1.000000,1.000000,1.000000
39.000000,-1.000000,116.988609,332.496887,188.449646,426.035706,1.000000,1.000000,1.000000
39.000000,-1.000000,849.751160,408.868561,231.798523,459.210968,1.000000,1.000000,1.000000
39.000000,-1.000000,399.300629,434.119629,261.837128,457.269470,1.000000,1.000000,1.000000
39.000000,-1.000000,1238.316772,412.319977,240.087158,423.017914,1.000000,1.000000,1.000000
39.000000,-1.000000,1633.979614,402.678375,214.047363,412.942230,1.000000,1.000000,1.000000
39.000000,-1.000000,301.620605,411.687164,214.600647,422.249664,1.000000,1.000000,1.000000
40.000000,-1.000000,110.192146,336.056427,192.323608,431.371429,1.000000,1.000000,1.000000
40.000000,-1.000000,828.063904,412.898712,246.505188,456.541534,1.000000,1.000000,1.000000
40.000000,-1.000000,1235.332275,414.719391,232.142090,418.490692,1.000000,1.000000,1.000000
40.000000,-1.000000,1045.869995,330.455078,213.077637,359.346375,1.000000,1.000000,1.000000
40.000000,-1.000000,385.101532,438.158966,268.710358,452.697296,1.000000,1.000000,1.000000
40.000000,-1.000000,1622.130249,402.441803,218.725220,414.359161,1.000000,1.000000,1.000000
40.000000,-1.000000,753.182739,366.713287,160.213257,432.376129,1.000000,1.000000,1.000000
40.000000,-1.000000,1177.113281,360.743683,175.682739,410.655670,1.000000,1.000000,1.000000
40.000000,-1.000000,293.252594,417.466827,215.400665,420.755219,1.000000,1.000000,1.000000
41.000000,-1.000000,109.617302,326.962250,193.205994,431.503937,1.000000,1.000000,1.000000
41.000000,-1.000000,821.555420,405.526611,236.411255,450.329468,1.000000,1.000000,1.000000
41.000000,-1.000000,1038.988770,317.719208,208.692139,361.556976,1.000000,1.000000,1.000000
41.000000,-1.000000,385.728821,428.108551,247.516174,450.354706,1.000000,1.000000,1.000000
41.000000,-1.000000,1617.890503,379.102448,208.250610,427.520111,1.000000,1.000000,1.000000
41.000000,-1.000000,1232.093384,403.360291,208.680542,417.917480,1.000000,1.000000,1.000000
41.000000,-1.000000,290.055115,403.709167,201.606598,426.371704,1.000000,1.000000,1.000000
42.000000,-1.000000,100.927536,319.900208,191.315262,432.106018,1.000000,1.000000,1.000000
42.000000,-1.000000,1609.657104,381.900452,186.539062,404.555054,1.000000,1.000000,1.000000
42.000000,-1.000000,813.298401,400.699280,210.256958,439.491516,1.000000,1.000000,1.000000
42.000000,-1.000000,378.486664,419.391632,216.618073,444.484894,1.000000,1.000000,1.000000
42.000000,-1.000000,1225.801025,394.509247,179.102783,409.361115,1.000000,1.000000,1.000000
42.000000,-1.000000,727.282898,342.266937,146.007202,438.234894,1.000000,1.000000,1.000000
43.000000,-1.000000,95.662643,317.969421,183.469681,431.549622,1.000000,1.000000,1.000000
43.000000,-1.000000,1031.064575,301.821808,154.149902,369.022247,1.000000,1.000000,1.000000
43.000000,-1.000000,1218.868530,387.333649,139.257324,413.421600,1.000000,1.000000,1.000000
43.000000,-1.000000,1507.015869,353.932129,151.143799,391.152832,1.000000,1.000000,1.000000
43.000000,-1.000000,798.192627,395.419250,182.028748,439.935181,1.000000,1.000000,1.000000
43.000000,-1.000000,728.903625,336.855194,124.336426,437.819244,1.000000,1.000000,1.000000
43.000000,-1.000000,921.266663,365.442474,122.721008,419.537689,1.000000,1.000000,1.000000
43.000000,-1.000000,1137.973389,334.459778,152.362427,401.201111,1.000000,1.000000,1.000000
43.000000,-1.000000,1603.150146,376.625275,149.533203,402.973480,1.000000,1.000000,1.000000
43.000000,-1.000000,1697.100586,367.486786,85.013428,379.288483,1.000000,1.000000,1.000000
43.000000,-1.000000,1339.945190,385.446014,141.890503,384.370514,1.000000,1.000000,1.000000
43.000000,-1.000000,446.164093,373.691742,111.954865,436.704926,1.000000,1.000000,1.000000
44.000000,-1.000000,91.803391,317.235168,180.034744,429.752136,1.000000,1.000000,1.000000
44.000000,-1.000000,1509.902954,352.228729,135.636841,386.335846,1.000000,1.000000,1.000000
44.000000,-1.000000,1034.836060,297.101196,103.620117,370.934326,1.000000,1.000000,1.000000
44.000000,-1.000000,798.667725,389.339386,139.348633,444.307526,1.000000,1.000000,1.000000
44.000000,-1.000000,1213.906860,382.063385,114.831055,418.473297,1.000000,1.000000,1.000000
44.000000,-1.000000,1690.373901,367.271515,95.779297,384.430634,1.000000,1.000000,1.000000
44.000000,-1.000000,701.632568,332.778992,135.451965,439.934875,1.000000,1.000000,1.000000
44.000000,-1.000000,1602.443848,369.971527,123.342285,410.606903,1.000000,1.000000,1.000000
44.000000,-1.000000,915.227722,364.416870,124.702209,420.559753,1.000000,1.000000,1.000000
44.000000,-1.000000,373.324707,408.954834,134.605011,446.025696,1.000000,1.000000,1.000000
44.000000,-1.000000,621.213074,299.689941,108.184937,370.099670,1.000000,1.000000,1.000000
45.000000,-1.000000,87.830055,319.613861,176.783325,427.036041,1.000000,1.000000,1.000000
45.000000,-1.000000,670.530518,330.921875,148.627258,439.971375,1.000000,1.000000,1.000000
45.000000,-1.000000,1682.852661,368.886200,108.374878,385.207489,1.000000,1.000000,1.000000
45.000000,-1.000000,1594.886475,368.606903,99.421143,410.990265,1.000000,1.000000,1.000000
45.000000,-1.000000,1133.376587,326.202209,120.339233,409.553101,1.000000,1.000000,1.000000
45.000000,-1.000000,904.210876,366.110168,137.471008,422.889221,1.000000,1.000000,1.000000
45.000000,-1.000000,1340.254883,384.790558,151.774170,383.266327,1.000000,1.000000,1.000000
45.000000,-1.000000,453.028931,375.498016,106.396545,424.023285,1.000000,1.000000,1.000000
45.000000,-1.000000,356.120422,404.608276,135.246094,451.539185,1.000000,1.000000,1.000000
45.000000,-1.000000,535.847961,321.562531,145.072144,407.715973,1.000000,1.000000,1.000000
45.000000,-1.000000,272.018738,386.766449,142.571960,419.390228,1.000000,1.000000,1.000000
46.000000,-1.000000,1149.817749,379.611633,137.528687,422.404236,1.000000,1.000000,1.000000
46.000000,-1.000000,1662.048340,369.763397,132.041138,386.175629,1.000000,1.000000,1.000000
46.000000,-1.000000,79.431175,324.200073,176.470001,424.411011,1.000000,1.000000,1.000000
46.000000,-1.000000,896.986877,367.865051,142.385925,422.433655,1.000000,1.000000,1.000000
46.000000,-1.000000,1336.478516,378.052399,163.329712,396.096039,1.000000,1.000000,1.000000
46.000000,-1.000000,429.618744,378.072266,131.620941,431.466553,1.000000,1.000000,1.000000
46.000000,-1.000000,529.790222,324.403564,135.063049,408.980347,1.000000,1.000000,1.000000
47.000000,-1.000000,1651.321899,377.264038,141.008789,387.469849,1.000000,1.000000,1.000000
47.000000,-1.000000,1083.500854,384.409454,191.341187,425.233368,1.000000,1.000000,1.000000
47.000000,-1.000000,893.788330,378.959534,142.822144,423.439331,1.000000,1.000000,1.000000
47.000000,-1.000000,415.604828,385.603821,142.852142,439.767456,1.000000,1.000000,1.000000
47.000000,-1.000000,1330.786865,390.794617,164.904297,397.901794,1.000000,1.000000,1.000000
47.000000,-1.000000,624.326233,331.505951,152.379700,428.345062,1.000000,1.000000,1.000000
47.000000,-1.000000,528.061096,334.795776,126.744934,417.628662,1.000000,1.000000,1.000000
47.000000,-1.000000,1082.701904,328.258606,124.654297,408.508423,1.000000,1.000000,1.000000
48.000000,-1.000000,1655.025635,380.255310,148.304932,394.594177,1.000000,1.000000,1.000000
48.000000,-1.000000,204.334518,406.288666,225.891068,451.992645,1.000000,1.000000,1.000000
48.000000,-1.000000,648.527954,387.096527,211.304016,449.810638,1.000000,1.000000,1.000000
48.000000,-1.000000,1050.637573,384.951752,225.543457,421.506500,1.000000,1.000000,1.000000
48.000000,-1.000000,404.675659,391.889496,160.974915,440.007721,1.000000,1.000000,1.000000
48.000000,-1.000000,1502.232422,372.603394,153.535400,413.359375,1.000000,1.000000,1.000000
48.000000,-1.000000,73.717087,336.698608,167.189362,433.599670,1.000000,1.000000,1.000000
48.000000,-1.000000,903.313171,385.554382,147.356018,425.060303,1.000000,1.000000,1.000000
48.000000,-1.000000,1333.476562,393.772034,164.211914,403.672485,1.000000,1.000000,1.000000
49.000000,-1.000000,1658.169067,379.301971,152.074097,397.650177,1.000000,1.000000,1.000000
49.000000,-1.000000,1045.292480,381.216980,223.544800,420.387146,1.000000,1.000000,1.000000
49.000000,-1.000000,405.695282,389.674561,170.186798,445.882996,1.000000,1.000000,1.000000
49.000000,-1.000000,617.855103,383.381134,242.210449,447.754547,1.000000,1.000000,1.000000
49.000000,-1.000000,173.929703,403.254486,256.914551,449.480133,1.000000,1.000000,1.000000
49.000000,-1.000000,907.402466,390.720367,149.100098,424.582855,1.000000,1.000000,1.000000
49.000000,-1.000000,1473.778198,370.020691,181.207520,411.230164,1.000000,1.000000,1.000000
49.000000,-1.000000,76.590324,334.747345,174.037659,438.911530,1.000000,1.000000,1.000000
49.000000,-1.000000,1336.324951,398.988464,158.188232,394.327271,1.000000,1.000000,1.000000
49.000000,-1.000000,807.551880,320.387177,147.472290,379.122772,1.000000,1.000000,1.000000
50.000000,-1.000000,1646.791626,386.304077,156.494019,405.022217,1.000000,1.000000,1.000000
50.000000,-1.000000,1028.552612,383.541229,219.086670,419.808258,1.000000,1.000000,1.000000
50.000000,-1.000000,586.681885,384.886963,256.555664,448.270752,1.000000,1.000000,1.000000
50.000000,-1.000000,400.518341,397.676605,168.123077,447.835907,1.000000,1.000000,1.000000
50.000000,-1.000000,141.508804,404.483551,275.075867,451.775482,1.000000,1.000000,1.000000
50.000000,-1.000000,896.318542,402.560516,151.364075,427.250824,1.000000,1.000000,1.000000
50.000000,-1.000000,1443.521973,371.368652,198.549561,423.357178,1.000000,1.000000,1.000000
51.000000,-1.000000,1640.094971,389.809784,161.769165,405.967865,1.000000,1.000000,1.000000
51.000000,-1.000000,895.464966,395.323547,147.027832,443.504700,1.000000,1.000000,1.000000
51.000000,-1.000000,571.740051,386.146942,254.902771,446.499176,1.000000,1.000000,1.000000
51.000000,-1.000000,1427.149170,369.440521,201.305054,431.673248,1.000000,1.000000,1.000000
51.000000,-1.000000,1018.784668,382.415039,200.393433,418.761047,1.000000,1.000000,1.000000
51.000000,-1.000000,125.371162,400.978271,272.561340,454.352356,1.000000,1.000000,1.000000
51.000000,-1.000000,405.436554,410.108124,152.068024,439.996735,1.000000,1.000000,1.000000
51.000000,-1.000000,59.038433,344.774719,169.703262,439.936340,1.000000,1.000000,1.000000
51.000000,-1.000000,768.466614,333.617096,170.825623,392.811798,1.000000,1.000000,1.000000
51.000000,-1.000000,1324.922974,404.897614,156.557861,400.184784,1.000000,1.000000,1.000000
52.000000,-1.000000,1638.573364,391.017578,164.574097,407.528015,1.000000,1.000000,1.000000
52.000000,-1.000000,569.199341,382.656036,223.584900,443.593109,1.000000,1.000000,1.000000
52.000000,-1.000000,1018.555969,377.574768,170.856140,418.718567,1.000000,1.000000,1.000000
52.000000,-1.000000,892.248535,396.754242,144.494141,442.579865,1.000000,1.000000,1.000000
52.000000,-1.000000,117.980057,402.726990,256.059570,446.294678,1.000000,1.000000,1.000000
52.000000,-1.000000,407.846008,411.252106,145.598999,445.155487,1.000000,1.000000,1.000000
52.000000,-1.000000,1427.807007,368.627594,182.332520,410.504669,1.000000,1.000000,1.000000
52.000000,-1.000000,764.898193,338.183716,172.814453,387.696594,1.000000,1.000000,1.000000
52.000000,-1.000000,1324.739990,403.564301,154.031128,407.850739,1.000000,1.000000,1.000000
52.000000,-1.000000,222.141006,364.470123,135.154617,424.507660,1.000000,1.000000,1.000000
52.000000,-1.000000,518.700928,349.021301,105.887634,329.847839,1.000000,1.000000,1.000000
52.000000,-1.000000,590.635681,322.192474,103.744812,429.880463,1.000000,1.000000,1.000000
53.000000,-1.000000,1634.002686,397.257782,165.569946,408.025055,1.000000,1.000000,1.000000
53.000000,-1.000000,1211.251831,301.821716,118.840820,367.508606,1.000000,1.000000,1.000000
53.000000,-1.000000,887.158630,400.382874,153.481384,443.191040,1.000000,1.000000,1.000000
53.000000,-1.000000,752.567871,345.051270,181.932190,384.805542,1.000000,1.000000,1.000000
53.000000,-1.000000,112.205688,401.251831,228.237457,446.202515,1.000000,1.000000,1.000000
53.000000,-1.000000,404.579651,418.713837,144.102600,441.456207,1.000000,1.000000,1.000000
53.000000,-1.000000,1335.893066,403.637482,142.430420,414.434784,1.000000,1.000000,1.000000
54.000000,-1.000000,1625.882568,399.826752,165.509521,406.977875,1.000000,1.000000,1.000000
54.000000,-1.000000,1205.139648,301.395386,104.460938,366.485901,1.000000,1.000000,1.000000
54.000000,-1.000000,395.960541,425.081512,146.340668,437.881012,1.000000,1.000000,1.000000
54.000000,-1.000000,556.344360,382.740997,149.895020,446.283051,1.000000,1.000000,1.000000
54.000000,-1.000000,883.279297,402.058838,154.166382,443.041077,1.000000,1.000000,1.000000
54.000000,-1.000000,740.507446,347.831329,191.856018,385.152496,1.000000,1.000000,1.000000
54.000000,-1.000000,1319.878784,406.360962,139.459961,411.781494,1.000000,1.000000,1.000000
54.000000,-1.000000,1019.098145,379.179047,91.995850,399.255463,1.000000,1.000000,1.000000
54.000000,-1.000000,1424.315186,369.569519,118.055542,383.494812,1.000000,1.000000,1.000000
54.000000,-1.000000,476.599976,358.027161,148.759094,416.563538,1.000000,1.000000,1.000000
54.000000,-1.000000,980.395935,322.068970,94.302795,472.863708,1.000000,1.000000,1.000000
55.000000,-1.000000,1625.182861,398.494080,157.535278,406.909729,1.000000,1.000000,1.000000
55.000000,-1.000000,1187.934692,297.019501,104.129517,369.795380,1.000000,1.000000,1.000000
55.000000,-1.000000,877.587402,399.916656,164.913086,443.082001,1.000000,1.000000,1.000000
55.000000,-1.000000,387.920502,423.770325,150.310883,436.790161,1.000000,1.000000,1.000000
55.000000,-1.000000,739.916931,344.034546,186.242615,388.215942,1.000000,1.000000,1.000000
55.000000,-1.000000,1319.438599,408.078552,135.446899,408.335144,1.000000,1.000000,1.000000
55.000000,-1.000000,221.602600,365.170197,99.996582,416.280060,1.000000,1.000000,1.000000
55.000000,-1.000000,1003.649841,373.788025,84.547668,344.880981,1.000000,1.000000,1.000000
56.000000,-1.000000,1626.508789,402.408844,142.418335,403.253876,1.000000,1.000000,1.000000
56.000000,-1.000000,376.910492,417.321472,160.841766,445.952393,1.000000,1.000000,1.000000
56.000000,-1.000000,52.404633,390.509094,191.617722,454.803284,1.000000,1.000000,1.000000
56.000000,-1.000000,743.656433,344.625916,180.057983,389.996643,1.000000,1.000000,1.000000
56.000000,-1.000000,1311.578979,410.289520,145.990967,407.645721,1.000000,1.000000,1.000000
56.000000,-1.000000,536.021790,374.665314,128.011658,453.413116,1.000000,1.000000,1.000000
56.000000,-1.000000,1389.539062,359.289520,87.806885,430.299225,1.000000,1.000000,1.000000
57.000000,-1.000000,1096.675415,298.429077,160.755859,367.042725,1.000000,1.000000,1.000000
57.000000,-1.000000,1630.733154,403.213684,132.383057,402.171936,1.000000,1.000000,1.000000
57.000000,-1.000000,377.859314,416.056274,153.181946,453.054504,1.000000,1.000000,1.000000
57.000000,-1.000000,45.975906,392.789886,190.988541,454.062714,1.000000,1.000000,1.000000
57.000000,-1.000000,193.674103,362.862396,109.705109,419.197968,1.000000,1.000000,1.000000
57.000000,-1.000000,737.591919,345.261078,183.116272,387.359833,1.000000,1.000000,1.000000
57.000000,-1.000000,872.205444,411.031921,142.093018,439.462463,1.000000,1.000000,1.000000
57.000000,-1.000000,1301.991333,353.913239,163.310791,465.334503,1.000000,1.000000,1.000000
58.000000,-1.000000,1639.222900,403.396515,122.327026,401.363190,1.000000,1.000000,1.000000
58.000000,-1.000000,1060.601685,297.755890,189.381958,364.296112,1.000000,1.000000,1.000000
58.000000,-1.000000,374.128784,416.421356,152.390747,462.197113,1.000000,1.000000,1.000000
58.000000,-1.000000,637.973877,293.114502,176.710022,363.998596,1.000000,1.000000,1.000000
58.000000,-1.000000,5.468688,396.212097,217.680237,448.057007,1.000000,1.000000,1.000000
59.000000,-1.000000,1042.315796,295.517029,207.834106,363.348328,1.000000,1.000000,1.000000
59.000000,-1.000000,1644.052856,402.063416,119.520996,402.585693,1.000000,1.000000,1.000000
59.000000,-1.000000,607.073608,289.426819,207.107788,364.695923,1.000000,1.000000,1.000000
59.000000,-1.000000,0.165202,390.520630,196.778168,446.675842,1.000000,1.000000,1.000000
59.000000,-1.000000,1302.969971,415.034332,143.008789,413.894867,1.000000,1.000000,1.000000
59.000000,-1.000000,850.476807,421.072876,177.620972,434.085449,1.000000,1.000000,1.000000
60.000000,-1.000000,1032.130737,288.863159,215.275146,363.046387,1.000000,1.000000,1.000000
60.000000,-1.000000,1639.835083,395.099426,124.716187,411.365234,1.000000,1.000000,1.000000
60.000000,-1.000000,597.648376,282.015320,218.556335,366.664795,1.000000,1.000000,1.000000
60.000000,-1.000000,1276.628662,389.036804,179.000854,437.657654,1.000000,1.000000,1.000000
60.000000,-1.000000,833.546143,413.465179,204.653564,442.646576,1.000000,1.000000,1.000000
60.000000,-1.000000,376.897980,414.876923,152.996490,461.964874,1.000000,1.000000,1.000000
60.000000,-1.000000,0.545484,380.243622,195.207626,447.820038,1.000000,1.000000,1.000000
61.000000,-1.000000,1630.951416,391.981567,128.902954,416.955383,1.000000,1.000000,1.000000
61.000000,-1.000000,1021.828552,287.059387,210.820862,361.099487,1.000000,1.000000,1.000000
61.000000,-1.000000,591.820190,279.172546,202.454895,362.338928,1.000000,1.000000,1.000000
61.000000,-1.000000,826.557190,406.026764,195.213135,451.829681,1.000000,1.000000,1.000000
61.000000,-1.000000,372.446442,417.007050,154.159271,464.145660,1.000000,1.000000,1.000000
61.000000,-1.000000,1250.712769,403.335419,194.589111,425.527863,1.000000,1.000000,1.000000
61.000000,-1.000000,0.000000,377.462006,180.220367,446.743805,1.000000,1.000000,1.000000
62.000000,-1.000000,1620.894409,399.626038,131.133301,418.608337,1.000000,1.000000,1.000000
62.000000,-1.000000,1009.661987,291.900726,195.703247,357.946869,1.000000,1.000000,1.000000
62.000000,-1.000000,615.471191,282.661133,146.635559,356.886536,1.000000,1.000000,1.000000
62.000000,-1.000000,366.863892,427.137329,158.968201,463.718384,1.000000,1.000000,1.000000
62.000000,-1.000000,811.556274,416.839539,199.545898,446.876221,1.000000,1.000000,1.000000
62.000000,-1.000000,90.502251,343.471405,180.284271,460.277618,1.000000,1.000000,1.000000
62.000000,-1.000000,1261.753296,409.108887,166.513794,426.239868,1.000000,1.000000,1.000000
63.000000,-1.000000,1611.623535,402.397522,136.225586,420.251648,1.000000,1.000000,1.000000
63.000000,-1.000000,1009.734253,293.877319,165.309448,356.423218,1.000000,1.000000,1.000000
63.000000,-1.000000,363.772430,434.526642,162.866302,459.476898,1.000000,1.000000,1.000000
63.000000,-1.000000,629.202759,283.784119,106.024963,356.503845,1.000000,1.000000,1.000000
63.000000,-1.000000,815.435547,412.034515,195.117065,455.279877,1.000000,1.000000,1.000000
63.000000,-1.000000,242.586563,292.457092,131.879684,366.159973,1.000000,1.000000,1.000000
63.000000,-1.000000,0.410234,384.442657,126.240242,422.604828,1.000000,1.000000,1.000000
63.000000,-1.000000,1254.151245,410.010681,162.395996,427.614746,1.000000,1.000000,1.000000
63.000000,-1.000000,522.392944,355.110809,132.398865,433.844086,1.000000,1.000000,1.000000
64.000000,-1.000000,1603.788452,404.767151,140.243286,420.919250,1.000000,1.000000,1.000000
64.000000,-1.000000,1008.259033,293.196655,152.457275,360.393494,1.000000,1.000000,1.000000
64.000000,-1.000000,358.033264,440.255646,170.806030,455.617218,1.000000,1.000000,1.000000
64.000000,-1.000000,820.775269,418.693237,183.723450,451.443176,1.000000,1.000000,1.000000
64.000000,-1.000000,231.978226,293.727295,126.026382,363.782654,1.000000,1.000000,1.000000
64.000000,-1.000000,1249.733398,407.015381,148.548462,433.203247,1.000000,1.000000,1.000000
64.000000,-1.000000,511.716339,359.293060,149.521393,434.357147,1.000000,1.000000,1.000000
65.000000,-1.000000,1589.200684,404.337128,137.856323,424.848297,1.000000,1.000000,1.000000
65.000000,-1.000000,1001.265137,292.997925,141.721191,363.827759,1.000000,1.000000,1.000000
65.000000,-1.000000,1343.282959,347.581268,136.522339,401.926910,1.000000,1.000000,1.000000
65.000000,-1.000000,797.431641,418.805695,190.310669,453.770416,1.000000,1.000000,1.000000
65.000000,-1.000000,507.767151,361.958710,153.400024,435.209808,1.000000,1.000000,1.000000
65.000000,-1.000000,1206.980469,401.815125,167.994629,441.936401,1.000000,1.000000,1.000000
66.000000,-1.000000,1577.774536,407.295013,137.968994,423.802948,1.000000,1.000000,1.000000
66.000000,-1.000000,988.571045,295.232544,140.065552,365.462524,1.000000,1.000000,1.000000
66.000000,-1.000000,326.697296,447.859497,179.551697,453.660522,1.000000,1.000000,1.000000
66.000000,-1.000000,1340.276489,350.713562,140.165771,400.918579,1.000000,1.000000,1.000000
66.000000,-1.000000,505.159760,370.145538,155.010345,433.033600,1.000000,1.000000,1.000000
66.000000,-1.000000,787.059631,425.941559,184.308777,449.697662,1.000000,1.000000,1.000000
66.000000,-1.000000,205.590103,292.902222,116.541977,362.552185,1.000000,1.000000,1.000000
66.000000,-1.000000,70.491341,355.548523,168.696198,466.073242,1.000000,1.000000,1.000000
67.000000,-1.000000,1547.276733,405.689758,149.999634,428.289062,1.000000,1.000000,1.000000
67.000000,-1.000000,1188.019897,404.389771,170.003418,446.174438,1.000000,1.000000,1.000000
67.000000,-1.000000,973.463989,298.325897,147.623169,360.636749,1.000000,1.000000,1.000000
67.000000,-1.000000,1342.949829,355.069336,139.091187,398.353638,1.000000,1.000000,1.000000
67.000000,-1.000000,500.826996,388.581421,158.948944,421.089233,1.000000,1.000000,1.000000
67.000000,-1.000000,109.725929,380.912933,148.900818,448.352570,1.000000,1.000000,1.000000
67.000000,-1.000000,310.080444,454.738342,176.958008,455.509155,1.000000,1.000000,1.000000
67.000000,-1.000000,187.929276,293.212280,118.652695,311.247009,1.000000,1.000000,1.000000
67.000000,-1.000000,776.589905,428.888458,174.925659,454.194305,1.000000,1.000000,1.000000
67.000000,-1.000000,755.424133,365.377960,113.056396,408.934235,1.000000,1.000000,1.000000
68.000000,-1.000000,1523.228394,408.814026,164.612305,429.550232,1.000000,1.000000,1.000000
68.000000,-1.000000,1345.229370,360.307800,141.441772,397.589600,1.000000,1.000000,1.000000
68.000000,-1.000000,962.557800,302.840546,157.039001,354.722137,1.000000,1.000000,1.000000
68.000000,-1.000000,1160.419800,412.157959,194.011475,446.146240,1.000000,1.000000,1.000000
68.000000,-1.000000,761.018188,430.070587,185.066101,464.454742,1.000000,1.000000,1.000000
68.000000,-1.000000,287.298737,461.344330,206.252808,453.512360,1.000000,1.000000,1.000000
69.000000,-1.000000,1501.639038,410.841736,189.306763,431.416565,1.000000,1.000000,1.000000
69.000000,-1.000000,1348.759277,363.451874,144.530273,401.167755,1.000000,1.000000,1.000000
69.000000,-1.000000,1127.515991,415.768372,223.470459,445.369080,1.000000,1.000000,1.000000
69.000000,-1.000000,965.362061,302.782593,149.692139,350.277771,1.000000,1.000000,1.000000
69.000000,-1.000000,755.190369,434.380219,180.151001,462.484833,1.000000,1.000000,1.000000
69.000000,-1.000000,271.186890,460.923645,208.788727,460.311951,1.000000,1.000000,1.000000
70.000000,-1.000000,1479.271729,415.227051,211.781982,431.760681,1.000000,1.000000,1.000000
70.000000,-1.000000,1101.625977,421.284882,238.126709,450.663055,1.000000,1.000000,1.000000
70.000000,-1.000000,1351.399658,367.010406,148.732910,402.596832,1.000000,1.000000,1.000000
70.000000,-1.000000,681.973022,441.284149,249.003662,463.016693,1.000000,1.000000,1.000000
70.000000,-1.000000,228.362015,464.196991,240.276077,465.694794,1.000000,1.000000,1.000000
71.000000,-1.000000,1458.184082,418.770966,231.176514,433.416046,1.000000,1.000000,1.000000
71.000000,-1.000000,670.360657,449.064453,257.417603,469.320251,1.000000,1.000000,1.000000
71.000000,-1.000000,1352.325073,370.902283,149.327148,408.340393,1.000000,1.000000,1.000000
71.000000,-1.000000,266.723999,473.448822,211.074219,461.109039,1.000000,1.000000,1.000000
72.000000,-1.000000,1439.762085,419.514740,245.568237,432.845306,1.000000,1.000000,1.000000
72.000000,-1.000000,665.335327,449.957428,251.827209,466.050873,1.000000,1.000000,1.000000
72.000000,-1.000000,1078.115723,426.192474,225.844849,448.206818,1.000000,1.000000,1.000000
72.000000,-1.000000,193.126160,471.649902,285.369293,466.010254,1.000000,1.000000,1.000000
72.000000,-1.000000,1356.968628,371.386383,147.613159,412.813080,1.000000,1.000000,1.000000
73.000000,-1.000000,1429.282471,419.530457,248.070557,432.246277,1.000000,1.000000,1.000000
73.000000,-1.000000,1364.813354,369.661865,145.391724,413.544739,1.000000,1.000000,1.000000
73.000000,-1.000000,678.145081,443.871582,219.039978,468.599976,1.000000,1.000000,1.000000
73.000000,-1.000000,1079.531372,421.739471,199.779785,450.308868,1.000000,1.000000,1.000000
73.000000,-1.000000,217.598160,473.194214,225.173080,461.306152,1.000000,1.000000,1.000000
73.000000,-1.000000,526.217407,391.571350,177.005554,446.176086,1.000000,1.000000,1.000000
74.000000,-1.000000,1424.988647,418.224426,234.659180,432.391602,1.000000,1.000000,1.000000
74.000000,-1.000000,1371.286255,368.259888,137.731689,417.170410,1.000000,1.000000,1.000000
74.000000,-1.000000,687.927246,439.539124,186.284973,471.317200,1.000000,1.000000,1.000000
74.000000,-1.000000,902.005249,385.564758,160.455444,404.539673,1.000000,1.000000,1.000000
74.000000,-1.000000,1085.261230,415.239288,163.412964,453.971466,1.000000,1.000000,1.000000
74.000000,-1.000000,227.842667,474.112579,170.867264,456.943146,1.000000,1.000000,1.000000
75.000000,-1.000000,1424.890625,415.492096,211.029419,431.437714,1.000000,1.000000,1.000000
75.000000,-1.000000,684.235229,435.362366,164.748047,471.977905,1.000000,1.000000,1.000000
75.000000,-1.000000,1091.971558,414.429810,128.974854,451.482727,1.000000,1.000000,1.000000
75.000000,-1.000000,555.466736,399.485962,159.586670,433.471375,1.000000,1.000000,1.000000
75.000000,-1.000000,909.554382,379.912781,158.211853,407.860291,1.000000,1.000000,1.000000
75.000000,-1.000000,223.738098,472.888794,143.294189,457.139099,1.000000,1.000000,1.000000
76.000000,-1.000000,688.627380,432.645721,159.985168,472.890167,1.000000,1.000000,1.000000
76.000000,-1.000000,1455.473755,411.104492,149.466675,432.110657,1.000000,1.000000,1.000000
76.000000,-1.000000,203.962708,465.821045,159.934998,464.122803,1.000000,1.000000,1.000000
76.000000,-1.000000,1379.197754,367.694550,138.465210,408.054596,1.000000,1.000000,1.000000
76.000000,-1.000000,893.896179,378.931854,182.929504,407.960785,1.000000,1.000000,1.000000
77.000000,-1.000000,669.074341,434.388580,178.412598,470.741913,1.000000,1.000000,1.000000
77.000000,-1.000000,1055.826294,410.056000,157.759399,456.976471,1.000000,1.000000,1.000000
77.000000,-1.000000,179.106827,457.168854,183.687790,473.330536,1.000000,1.000000,1.000000
77.000000,-1.000000,1450.752808,410.008881,126.805054,432.763153,1.000000,1.000000,1.000000
77.000000,-1.000000,1379.825928,370.115875,145.110962,399.579071,1.000000,1.000000,1.000000
78.000000,-1.000000,607.061340,434.007568,239.687988,472.099060,1.000000,1.000000,1.000000
78.000000,-1.000000,135.201080,452.592133,226.188690,478.941681,1.000000,1.000000,1.000000
78.000000,-1.000000,1455.339111,411.561493,118.301025,434.298370,1.000000,1.000000,1.000000
78.000000,-1.000000,1017.387146,412.318024,194.573425,455.280975,1.000000,1.000000,1.000000
79.000000,-1.000000,576.341980,435.790009,266.375427,470.858795,1.000000,1.000000,1.000000
79.000000,-1.000000,85.343735,449.254364,275.676453,481.740387,1.000000,1.000000,1.000000
79.000000,-1.000000,1422.874878,410.381958,149.063843,434.627014,1.000000,1.000000,1.000000
79.000000,-1.000000,981.420044,413.490784,229.478516,451.974426,1.000000,1.000000,1.000000
79.000000,-1.000000,427.177490,278.299194,197.351135,386.832764,1.000000,1.000000,1.000000
80.000000,-1.000000,1392.814209,407.161224,177.191162,436.630585,1.000000,1.000000,1.000000
80.000000,-1.000000,54.715221,444.365265,297.046570,482.860931,1.000000,1.000000,1.000000
80.000000,-1.000000,962.950012,414.076996,244.431824,455.158539,1.000000,1.000000,1.000000
80.000000,-1.000000,23.701513,286.516541,168.390900,413.579285,1.000000,1.000000,1.000000
80.000000,-1.000000,407.761047,279.219238,200.622803,373.883179,1.000000,1.000000,1.000000
80.000000,-1.000000,340.894531,283.163940,207.560913,394.433960,1.000000,1.000000,1.000000
80.000000,-1.000000,780.528931,296.787292,211.117676,370.890442,1.000000,1.000000,1.000000
81.000000,-1.000000,951.849792,414.248230,241.695740,457.810120,1.000000,1.000000,1.000000
81.000000,-1.000000,35.089531,447.809021,299.195618,477.747437,1.000000,1.000000,1.000000
81.000000,-1.000000,519.996887,430.350739,298.335632,469.920258,1.000000,1.000000,1.000000
81.000000,-1.000000,1361.754395,409.647003,204.574097,436.962189,1.000000,1.000000,1.000000
81.000000,-1.000000,382.760071,276.637726,209.827026,374.838409,1.000000,1.000000,1.000000
82.000000,-1.000000,1353.300049,406.250549,207.400391,441.721863,1.000000,1.000000,1.000000
82.000000,-1.000000,520.401794,428.873810,272.357971,467.397003,1.000000,1.000000,1.000000
82.000000,-1.000000,947.338196,411.220123,232.795959,461.807953,1.000000,1.000000,1.000000
82.000000,-1.000000,26.033644,449.356689,287.057190,472.056946,1.000000,1.000000,1.000000
82.000000,-1.000000,1.489948,283.993988,177.554108,423.075592,1.000000,1.000000,1.000000
82.000000,-1.000000,779.386230,301.695435,187.857483,375.627502,1.000000,1.000000,1.000000
83.000000,-1.000000,1349.680176,410.803040,201.706543,439.177734,1.000000,1.000000,1.000000
83.000000,-1.000000,36.138687,450.017792,260.075867,468.261078,1.000000,1.000000,1.000000
83.000000,-1.000000,513.797913,430.261475,237.051270,465.288879,1.000000,1.000000,1.000000
83.000000,-1.000000,934.815674,413.060303,214.023315,462.378052,1.000000,1.000000,1.000000
83.000000,-1.000000,777.263123,302.279419,184.996216,375.440674,1.000000,1.000000,1.000000
84.000000,-1.000000,1343.427612,412.203552,189.925171,438.624756,1.000000,1.000000,1.000000
84.000000,-1.000000,158.257599,433.560791,170.298187,467.041321,1.000000,1.000000,1.000000
84.000000,-1.000000,933.152893,414.465759,174.700745,460.773865,1.000000,1.000000,1.000000
84.000000,-1.000000,32.797543,448.900543,194.894852,469.905243,1.000000,1.000000,1.000000
84.000000,-1.000000,515.482544,426.114441,191.288574,469.073669,1.000000,1.000000,1.000000
84.000000,-1.000000,327.066833,290.527100,167.862610,396.421997,1.000000,1.000000,1.000000
84.000000,-1.000000,772.550049,299.820068,186.735718,380.010437,1.000000,1.000000,1.000000
85.000000,-1.000000,157.536850,431.345642,177.086411,470.766968,1.000000,1.000000,1.000000
85.000000,-1.000000,31.879591,442.754852,145.462799,475.783356,1.000000,1.000000,1.000000
85.000000,-1.000000,1339.574463,414.488068,166.365112,436.255524,1.000000,1.000000,1.000000
85.000000,-1.000000,773.103516,297.935425,172.566956,380.327759,1.000000,1.000000,1.000000
85.000000,-1.000000,922.569519,417.782379,149.142273,455.062531,1.000000,1.000000,1.000000
85.000000,-1.000000,325.370331,291.583984,167.588806,396.219604,1.000000,1.000000,1.000000
86.000000,-1.000000,1333.776245,414.478271,146.478760,436.312195,1.000000,1.000000,1.000000
86.000000,-1.000000,152.306274,439.493225,182.417084,466.054199,1.000000,1.000000,1.000000
86.000000,-1.000000,774.485535,295.371613,170.251709,385.705170,1.000000,1.000000,1.000000
86.000000,-1.000000,329.157074,282.832458,174.050140,413.098511,1.000000,1.000000,1.000000
86.000000,-1.000000,1403.572021,384.976837,124.805176,421.221832,1.000000,1.000000,1.000000
86.000000,-1.000000,990.856384,411.916779,133.522400,413.823029,1.000000,1.000000,1.000000
86.000000,-1.000000,598.817627,417.871246,167.894714,453.324127,1.000000,1.000000,1.000000
86.000000,-1.000000,496.652100,419.104462,135.918823,474.936676,1.000000,1.000000,1.000000
87.000000,-1.000000,141.789551,448.578552,185.573120,467.601868,1.000000,1.000000,1.000000
87.000000,-1.000000,1307.011719,413.207397,130.864136,440.329956,1.000000,1.000000,1.000000
87.000000,-1.000000,451.315826,418.308685,177.193268,478.866302,1.000000,1.000000,1.000000
87.000000,-1.000000,1371.767700,389.562378,164.815918,428.806396,1.000000,1.000000,1.000000
87.000000,-1.000000,564.741272,421.441650,199.535950,461.620544,1.000000,1.000000,1.000000
87.000000,-1.000000,327.287231,278.090027,176.743317,427.992065,1.000000,1.000000,1.000000
87.000000,-1.000000,973.360474,420.247406,153.406494,413.178925,1.000000,1.000000,1.000000
87.000000,-1.000000,0.000000,443.909668,120.905037,476.635620,1.000000,1.000000,1.000000
87.000000,-1.000000,774.645935,301.629761,160.236694,382.554199,1.000000,1.000000,1.000000
88.000000,-1.000000,1382.698975,396.923065,158.882202,425.464996,1.000000,1.000000,1.000000
88.000000,-1.000000,386.883118,424.462708,240.457336,472.948425,1.000000,1.000000,1.000000
88.000000,-1.000000,1256.777588,412.864807,170.105713,442.122742,1.000000,1.000000,1.000000
88.000000,-1.000000,130.693100,451.241089,200.799606,479.073547,1.000000,1.000000,1.000000
88.000000,-1.000000,831.870667,416.155640,188.095154,462.777283,1.000000,1.000000,1.000000
88.000000,-1.000000,560.436584,428.339294,188.608826,460.127808,1.000000,1.000000,1.000000
88.000000,-1.000000,966.853271,419.284424,154.527344,423.982300,1.000000,1.000000,1.000000
88.000000,-1.000000,804.113525,310.473541,135.535828,370.838715,1.000000,1.000000,1.000000
89.000000,-1.000000,1218.814575,416.817078,197.204712,442.837158,1.000000,1.000000,1.000000
89.000000,-1.000000,336.080688,432.292633,287.728149,468.237457,1.000000,1.000000,1.000000
89.000000,-1.000000,1373.190796,401.345184,173.374878,430.065887,1.000000,1.000000,1.000000
89.000000,-1.000000,119.481430,463.980042,217.340683,474.722595,1.000000,1.000000,1.000000
89.000000,-1.000000,783.318726,424.576202,231.321350,455.434601,1.000000,1.000000,1.000000
89.000000,-1.000000,562.689209,437.103882,173.613159,471.664734,1.000000,1.000000,1.000000
89.000000,-1.000000,946.461121,419.266968,167.251404,441.551697,1.000000,1.000000,1.000000
90.000000,-1.000000,1358.907104,407.993591,190.024414,429.183594,1.000000,1.000000,1.000000
90.000000,-1.000000,1181.648560,420.488098,227.588257,441.031067,1.000000,1.000000,1.000000
90.000000,-1.000000,302.360931,427.883514,309.585602,473.590973,1.000000,1.000000,1.000000
90.000000,-1.000000,752.340454,427.132721,254.546265,455.426849,1.000000,1.000000,1.000000
90.000000,-1.000000,104.382492,465.413757,234.886368,485.039429,1.000000,1.000000,1.000000
90.000000,-1.000000,551.708252,444.872467,181.838562,475.156525,1.000000,1.000000,1.000000
91.000000,-1.000000,1145.330566,424.117584,257.413208,440.399078,1.000000,1.000000,1.000000
91.000000,-1.000000,1346.083130,413.756042,196.976440,436.763916,1.000000,1.000000,1.000000
91.000000,-1.000000,918.686584,431.016724,194.078552,450.842773,1.000000,1.000000,1.000000
91.000000,-1.000000,82.124947,473.532501,245.185791,484.872894,1.000000,1.000000,1.000000
91.000000,-1.000000,541.010925,453.000153,184.908813,475.323517,1.000000,1.000000,1.000000
91.000000,-1.000000,287.378784,433.828644,303.216187,469.716156,1.000000,1.000000,1.000000
92.000000,-1.000000,1115.988892,425.769287,270.613403,441.911194,1.000000,1.000000,1.000000
92.000000,-1.000000,905.057983,436.583862,198.809448,451.466980,1.000000,1.000000,1.000000
92.000000,-1.000000,273.998505,442.101929,272.662079,452.821594,1.000000,1.000000,1.000000
92.000000,-1.000000,1331.986694,417.747589,198.531738,445.199738,1.000000,1.000000,1.000000
92.000000,-1.000000,519.487488,458.374603,192.899292,473.974579,1.000000,1.000000,1.000000
93.000000,-1.000000,1090.715698,426.705444,271.637695,441.841736,1.000000,1.000000,1.000000
93.000000,-1.000000,1312.253540,423.325378,198.878174,445.349792,1.000000,1.000000,1.000000
93.000000,-1.000000,53.771839,485.342224,192.855331,479.285461,1.000000,1.000000,1.000000
93.000000,-1.000000,889.872559,441.129272,197.412842,452.807861,1.000000,1.000000,1.000000
93.000000,-1.000000,510.765686,465.168213,180.419983,468.111816,1.000000,1.000000,1.000000
94.000000,-1.000000,871.024475,441.899475,193.944519,452.976379,1.000000,1.000000,1.000000
94.000000,-1.000000,1072.789429,426.757019,251.565796,441.731323,1.000000,1.000000,1.000000
94.000000,-1.000000,1302.233887,427.752258,189.145264,442.584534,1.000000,1.000000,1.000000
94.000000,-1.000000,55.300884,489.627563,179.394043,475.550354,1.000000,1.000000,1.000000
94.000000,-1.000000,451.259979,466.274811,215.697540,466.825592,1.000000,1.000000,1.000000
95.000000,-1.000000,1072.092651,425.219849,210.792480,441.186890,1.000000,1.000000,1.000000
95.000000,-1.000000,487.683868,464.306610,170.556427,468.513397,1.000000,1.000000,1.000000
95.000000,-1.000000,862.932373,442.497772,177.044922,451.268402,1.000000,1.000000,1.000000
95.000000,-1.000000,41.541332,489.980621,181.726822,476.339264,1.000000,1.000000,1.000000
95.000000,-1.000000,674.156982,418.017151,129.126587,461.587280,1.000000,1.000000,1.000000
95.000000,-1.000000,769.850769,322.300323,133.879089,405.208038,1.000000,1.000000,1.000000
96.000000,-1.000000,1293.392456,441.214447,151.950562,432.261871,1.000000,1.000000,1.000000
96.000000,-1.000000,20.405603,491.431122,198.115509,477.322113,1.000000,1.000000,1.000000
96.000000,-1.000000,1079.085449,427.000549,157.799927,438.328064,1.000000,1.000000,1.000000
96.000000,-1.000000,474.948303,465.036774,178.016235,468.359344,1.000000,1.000000,1.000000
96.000000,-1.000000,856.616089,443.785400,168.899048,450.562439,1.000000,1.000000,1.000000
96.000000,-1.000000,630.078125,422.024139,150.034119,457.003143,1.000000,1.000000,1.000000
96.000000,-1.000000,759.835510,323.708160,142.238464,405.035614,1.000000,1.000000,1.000000
96.000000,-1.000000,322.556885,325.540131,155.926788,414.112152,1.000000,1.000000,1.000000
97.000000,-1.000000,1287.980225,445.923126,151.671753,428.522491,1.000000,1.000000,1.000000
97.000000,-1.000000,1074.625732,425.985748,118.429321,438.909698,1.000000,1.000000,1.000000
97.000000,-1.000000,0.201545,492.916443,216.443954,475.515076,1.000000,1.000000,1.000000
97.000000,-1.000000,458.181549,463.777252,191.921173,472.193817,1.000000,1.000000,1.000000
97.000000,-1.000000,855.906128,446.566223,166.269653,450.286560,1.000000,1.000000,1.000000
98.000000,-1.000000,1277.828735,446.682648,161.382812,426.858185,1.000000,1.000000,1.000000
98.000000,-1.000000,431.332062,460.591339,215.595978,473.381866,1.000000,1.000000,1.000000
98.000000,-1.000000,1043.253418,421.869415,133.551636,442.145355,1.000000,1.000000,1.000000
98.000000,-1.000000,0.000000,488.329224,214.910309,478.575989,1.000000,1.000000,1.000000
98.000000,-1.000000,843.819153,445.844025,177.744934,449.001129,1.000000,1.000000,1.000000
98.000000,-1.000000,313.924530,335.137390,166.614990,427.619568,1.000000,1.000000,1.000000
98.000000,-1.000000,731.859619,290.090881,95.490173,353.039673,1.000000,1.000000,1.000000
99.000000,-1.000000,1255.917480,444.529449,183.255859,429.892792,1.000000,1.000000,1.000000
99.000000,-1.000000,1011.656006,415.436218,162.960938,447.389954,1.000000,1.000000,1.000000
99.000000,-1.000000,0.278506,480.365753,210.508667,483.638336,1.000000,1.000000,1.000000
99.000000,-1.000000,391.824799,460.382263,251.120697,472.936401,1.000000,1.000000,1.000000
99.000000,-1.000000,494.267487,412.033936,272.106598,461.550720,1.000000,1.000000,1.000000
99.000000,-1.000000,826.468201,450.127686,191.479919,444.895874,1.000000,1.000000,1.000000
100.000000,-1.000000,1224.453979,443.036560,215.342163,435.616089,1.000000,1.000000,1.000000
100.000000,-1.000000,367.169617,462.506592,271.901367,471.786621,1.000000,1.000000,1.000000
100.000000,-1.000000,972.517700,412.250702,205.943726,447.905121,1.000000,1.000000,1.000000
100.000000,-1.000000,481.715515,410.534882,275.335022,460.901031,1.000000,1.000000,1.000000
100.000000,-1.000000,66.452522,410.485138,264.476959,469.461395,1.000000,1.000000,1.000000
100.000000,-1.000000,793.238525,450.269409,223.393982,445.344055,1.000000,1.000000,1.000000
101.000000,-1.000000,1209.555420,442.188568,232.132080,442.294159,1.000000,1.000000,1.000000
101.000000,-1.000000,930.168152,406.738708,250.937195,453.125610,1.000000,1.000000,1.000000
101.000000,-1.000000,362.299469,466.496735,276.528473,467.155670,1.000000,1.000000,1.000000
101.000000,-1.000000,782.047913,455.091705,234.060547,444.629913,1.000000,1.000000,1.000000
101.000000,-1.000000,479.663574,407.863495,252.932129,461.582916,1.000000,1.000000,1.000000
102.000000,-1.000000,1209.641846,441.166016,231.683716,444.140991,1.000000,1.000000,1.000000
102.000000,-1.000000,911.368713,402.515228,265.281555,457.079803,1.000000,1.000000,1.000000
102.000000,-1.000000,486.540283,399.656860,215.959717,452.770325,1.000000,1.000000,1.000000
102.000000,-1.000000,775.017029,454.410950,239.592896,459.541870,1.000000,1.000000,1.000000
102.000000,-1.000000,358.689362,462.619385,260.735382,471.515869,1.000000,1.000000,1.000000
103.000000,-1.000000,1208.778198,442.404633,219.426636,445.771271,1.000000,1.000000,1.000000
103.000000,-1.000000,776.646118,458.212952,226.979797,459.516907,1.000000,1.000000,1.000000
103.000000,-1.000000,492.506500,395.216949,171.329865,455.263458,1.000000,1.000000,1.000000
103.000000,-1.000000,365.726471,463.135529,221.405365,471.380096,1.000000,1.000000,1.000000
103.000000,-1.000000,68.901512,398.135895,184.702087,462.107208,1.000000,1.000000,1.000000
104.000000,-1.000000,901.234680,403.120270,229.745667,447.429352,1.000000,1.000000,1.000000
104.000000,-1.000000,1194.811157,443.893250,207.075562,447.744263,1.000000,1.000000,1.000000
104.000000,-1.000000,361.569946,458.868622,185.620056,479.371674,1.000000,1.000000,1.000000
104.000000,-1.000000,761.711365,453.725098,223.603149,468.079651,1.000000,1.000000,1.000000
104.000000,-1.000000,494.869202,391.405457,139.955688,461.083313,1.000000,1.000000,1.000000
105.000000,-1.000000,1182.757690,443.718170,190.506592,449.179474,1.000000,1.000000,1.000000
105.000000,-1.000000,910.142334,400.460083,181.762939,453.291260,1.000000,1.000000,1.000000
105.000000,-1.000000,753.252014,456.231689,207.689575,466.570068,1.000000,1.000000,1.000000
105.000000,-1.000000,479.398743,386.766235,143.084473,461.269104,1.000000,1.000000,1.000000
105.000000,-1.000000,394.547791,340.073853,135.143616,423.105286,1.000000,1.000000,1.000000
105.000000,-1.000000,832.354675,340.757996,119.213989,370.172241,1.000000,1.000000,1.000000
105.000000,-1.000000,49.122936,384.618103,147.663391,476.317810,1.000000,1.000000,1.000000
105.000000,-1.000000,618.481873,283.565399,153.428589,359.975250,1.000000,1.000000,1.000000
106.000000,-1.000000,1156.555664,443.235229,186.540161,451.072449,1.000000,1.000000,1.000000
106.000000,-1.000000,331.221344,455.815186,126.591766,488.375671,1.000000,1.000000,1.000000
106.000000,-1.000000,739.768127,457.938446,195.714844,468.019379,1.000000,1.000000,1.000000
106.000000,-1.000000,453.865967,385.221405,163.939636,465.015533,1.000000,1.000000,1.000000
106.000000,-1.000000,15.144332,380.854706,172.050018,483.274506,1.000000,1.000000,1.000000
107.000000,-1.000000,1126.509521,442.417725,174.941528,453.725220,1.000000,1.000000,1.000000
107.000000,-1.000000,724.414368,459.193115,159.789001,467.993408,1.000000,1.000000,1.000000
107.000000,-1.000000,302.789520,454.324310,154.905487,490.310822,1.000000,1.000000,1.000000
107.000000,-1.000000,900.032410,399.394745,114.906067,442.575592,1.000000,1.000000,1.000000
107.000000,-1.000000,474.232269,384.236786,123.662323,466.342010,1.000000,1.000000,1.000000
107.000000,-1.000000,37.731300,386.809906,139.249359,476.937286,1.000000,1.000000,1.000000
107.000000,-1.000000,567.010437,310.779877,135.929932,380.925751,1.000000,1.000000,1.000000
108.000000,-1.000000,1092.942627,441.089203,206.911011,457.804901,1.000000,1.000000,1.000000
108.000000,-1.000000,253.971039,452.502808,201.595642,493.026184,1.000000,1.000000,1.000000
108.000000,-1.000000,684.707886,458.913910,186.628113,469.475494,1.000000,1.000000,1.000000
108.000000,-1.000000,27.467855,385.659973,150.274551,477.871887,1.000000,1.000000,1.000000
108.000000,-1.000000,384.250397,378.708038,194.283722,470.507294,1.000000,1.000000,1.000000
108.000000,-1.000000,555.981018,315.811005,140.755737,384.064362,1.000000,1.000000,1.000000
109.000000,-1.000000,1061.387939,441.990326,232.473389,460.926971,1.000000,1.000000,1.000000
109.000000,-1.000000,646.096069,460.498413,223.514343,470.684143,1.000000,1.000000,1.000000
109.000000,-1.000000,192.949310,455.311432,259.887878,491.345917,1.000000,1.000000,1.000000
109.000000,-1.000000,829.242859,392.321014,146.987549,451.031036,1.000000,1.000000,1.000000
109.000000,-1.000000,384.956390,382.337158,194.775909,465.622803,1.000000,1.000000,1.000000
110.000000,-1.000000,1027.157837,441.619385,258.670654,462.101624,1.000000,1.000000,1.000000
110.000000,-1.000000,618.140442,458.273346,252.443298,473.877228,1.000000,1.000000,1.000000
110.000000,-1.000000,159.390594,456.088257,288.201263,489.357666,1.000000,1.000000,1.000000
110.000000,-1.000000,798.440735,391.070374,185.064270,450.444519,1.000000,1.000000,1.000000
110.000000,-1.000000,309.467773,388.454254,265.605652,461.040009,1.000000,1.000000,1.000000
111.000000,-1.000000,1002.128784,438.199097,276.653320,465.355103,1.000000,1.000000,1.000000
111.000000,-1.000000,573.181213,459.506805,290.006958,471.955963,1.000000,1.000000,1.000000
111.000000,-1.000000,143.983612,454.576782,293.721771,492.299255,1.000000,1.000000,1.000000
111.000000,-1.000000,744.785522,399.572418,227.114319,439.392303,1.000000,1.000000,1.000000
111.000000,-1.000000,332.807190,381.862457,253.959412,460.266815,1.000000,1.000000,1.000000
112.000000,-1.000000,988.860962,439.163055,273.377686,464.727692,1.000000,1.000000,1.000000
112.000000,-1.000000,560.721436,458.711700,288.109497,476.100128,1.000000,1.000000,1.000000
112.000000,-1.000000,136.962463,457.497559,274.925903,488.234497,1.000000,1.000000,1.000000
112.000000,-1.000000,735.112427,394.068817,229.559265,445.185272,1.000000,1.000000,1.000000
112.000000,-1.000000,325.155640,381.053009,192.543457,451.113983,1.000000,1.000000,1.000000
112.000000,-1.000000,26.021086,378.883789,194.351700,459.022461,1.000000,1.000000,1.000000
113.000000,-1.000000,978.089661,440.883514,254.601868,461.853546,1.000000,1.000000,1.000000
113.000000,-1.000000,546.444214,460.481506,274.712219,474.888733,1.000000,1.000000,1.000000
113.000000,-1.000000,726.803894,394.801544,223.361694,443.529327,1.000000,1.000000,1.000000
113.000000,-1.000000,311.924103,380.721252,195.516693,447.579468,1.000000,1.000000,1.000000
114.000000,-1.000000,546.038574,460.006775,232.926147,477.881653,1.000000,1.000000,1.000000
114.000000,-1.000000,973.467041,444.178345,215.720825,459.517639,1.000000,1.000000,1.000000
114.000000,-1.000000,136.116272,462.947083,197.107269,486.960449,1.000000,1.000000,1.000000
114.000000,-1.000000,705.638062,394.989044,222.423218,433.623322,1.000000,1.000000,1.000000
114.000000,-1.000000,311.595093,379.648407,181.925873,451.699615,1.000000,1.000000,1.000000
115.000000,-1.000000,973.799805,448.927338,165.243164,456.976898,1.000000,1.000000,1.000000
115.000000,-1.000000,702.578064,396.866211,190.431824,427.994324,1.000000,1.000000,1.000000
115.000000,-1.000000,130.290482,465.349487,148.136093,489.577209,1.000000,1.000000,1.000000
115.000000,-1.000000,547.020996,464.097870,181.834290,476.727814,1.000000,1.000000,1.000000
116.000000,-1.000000,706.269653,398.031891,155.039246,428.728241,1.000000,1.000000,1.000000
116.000000,-1.000000,271.422607,380.593048,199.516937,458.034088,1.000000,1.000000,1.000000
116.000000,-1.000000,979.381165,454.863312,116.512390,453.914948,1.000000,1.000000,1.000000
116.000000,-1.000000,541.107788,477.439392,140.729675,466.652588,1.000000,1.000000,1.000000
116.000000,-1.000000,103.784599,473.678162,129.181580,484.473145,1.000000,1.000000,1.000000
116.000000,-1.000000,465.616577,422.842896,118.346741,414.369385,1.000000,1.000000,1.000000
117.000000,-1.000000,703.807068,397.439972,133.750793,431.520355,1.000000,1.000000,1.000000
117.000000,-1.000000,256.086578,381.635559,202.079071,459.304443,1.000000,1.000000,1.000000
117.000000,-1.000000,945.115234,456.304535,130.187744,455.988556,1.000000,1.000000,1.000000
117.000000,-1.000000,504.904175,474.763641,135.736816,471.734833,1.000000,1.000000,1.000000
118.000000,-1.000000,892.122742,456.713806,165.773987,459.336670,1.000000,1.000000,1.000000
118.000000,-1.000000,696.498413,398.106049,124.556335,433.840424,1.000000,1.000000,1.000000
118.000000,-1.000000,237.102127,384.208649,195.213547,455.806854,1.000000,1.000000,1.000000
118.000000,-1.000000,48.821163,454.178680,178.215942,507.853607,1.000000,1.000000,1.000000
118.000000,-1.000000,477.968719,464.417816,152.506195,487.421356,1.000000,1.000000,1.000000
119.000000,-1.000000,421.308655,462.036774,204.752930,491.029022,1.000000,1.000000,1.000000
119.000000,-1.000000,650.608765,396.741058,169.074890,440.764618,1.000000,1.000000,1.000000
119.000000,-1.000000,0.616862,456.644226,217.319855,508.533447,1.000000,1.000000,1.000000
119.000000,-1.000000,838.497192,453.626282,213.300903,466.144043,1.000000,1.000000,1.000000
119.000000,-1.000000,223.216034,384.543243,192.921326,455.955231,1.000000,1.000000,1.000000
120.000000,-1.000000,791.920166,457.775818,260.109863,467.384949,1.000000,1.000000,1.000000
120.000000,-1.000000,370.635773,470.027374,252.854645,486.636810,1.000000,1.000000,1.000000
120.000000,-1.000000,624.024170,399.020416,203.435730,438.089264,1.000000,1.000000,1.000000
120.000000,-1.000000,0.000000,462.414764,210.048386,505.583038,1.000000,1.000000,1.000000
120.000000,-1.000000,219.855042,383.560516,185.142334,459.607330,1.000000,1.000000,1.000000
121.000000,-1.000000,604.807617,401.527283,225.585510,439.934692,1.000000,1.000000,1.000000
121.000000,-1.000000,338.612213,475.581024,283.728668,487.729034,1.000000,1.000000,1.000000
121.000000,-1.000000,769.443848,459.818268,278.352905,471.537201,1.000000,1.000000,1.000000
121.000000,-1.000000,0.108133,467.539032,200.882477,505.943329,1.000000,1.000000,1.000000
121.000000,-1.000000,219.836777,384.672516,174.539322,462.442963,1.000000,1.000000,1.000000
122.000000,-1.000000,605.783936,403.908722,214.868958,441.565765,1.000000,1.000000,1.000000
122.000000,-1.000000,757.984436,464.567596,274.059753,470.237030,1.000000,1.000000,1.000000
122.000000,-1.000000,321.373169,478.008698,283.769470,490.402191,1.000000,1.000000,1.000000
122.000000,-1.000000,220.856522,390.762390,150.133408,449.778931,1.000000,1.000000,1.000000
122.000000,-1.000000,0.715013,475.297394,183.039322,500.904755,1.000000,1.000000,1.000000
122.000000,-1.000000,460.766052,478.240051,170.259521,443.602905,1.000000,1.000000,1.000000
123.000000,-1.000000,751.311584,464.632568,246.990417,461.769836,1.000000,1.000000,1.000000
123.000000,-1.000000,315.101715,478.927185,260.993561,485.472168,1.000000,1.000000,1.000000
123.000000,-1.000000,601.402466,403.834503,199.705322,443.892365,1.000000,1.000000,1.000000
123.000000,-1.000000,906.439392,455.879944,130.207581,433.893921,1.000000,1.000000,1.000000
123.000000,-1.000000,222.831711,391.024170,131.810715,439.609558,1.000000,1.000000,1.000000
123.000000,-1.000000,60.478714,466.602356,171.817780,469.944153,1.000000,1.000000,1.000000
124.000000,-1.000000,312.541962,480.646759,225.055634,467.710480,1.000000,1.000000,1.000000
124.000000,-1.000000,896.315125,454.727936,153.813171,452.513947,1.000000,1.000000,1.000000
124.000000,-1.000000,750.475891,461.714661,215.913940,458.656677,1.000000,1.000000,1.000000
124.000000,-1.000000,599.960938,403.145325,174.360779,439.408875,1.000000,1.000000,1.000000
124.000000,-1.000000,59.943665,463.643341,180.407578,477.082001,1.000000,1.000000,1.000000
124.000000,-1.000000,458.580750,482.579102,190.693848,443.208069,1.000000,1.000000,1.000000
125.000000,-1.000000,756.168945,455.159210,164.684692,461.841583,1.000000,1.000000,1.000000
125.000000,-1.000000,895.444946,451.724152,172.164185,454.920990,1.000000,1.000000,1.000000
125.000000,-1.000000,604.299072,400.601013,139.402771,427.428406,1.000000,1.000000,1.000000
125.000000,-1.000000,317.085907,476.715912,182.910736,469.912262,1.000000,1.000000,1.000000
125.000000,-1.000000,57.263371,461.062744,194.038483,477.586060,1.000000,1.000000,1.000000
125.000000,-1.000000,459.686584,481.275330,200.145447,442.959351,1.000000,1.000000,1.000000
126.000000,-1.000000,890.249878,451.377289,175.128906,453.891632,1.000000,1.000000,1.000000
126.000000,-1.000000,753.373352,449.557495,131.292358,464.944336,1.000000,1.000000,1.000000
126.000000,-1.000000,606.603210,394.674713,103.820984,414.627289,1.000000,1.000000,1.000000
126.000000,-1.000000,315.335266,472.897217,132.954742,471.188049,1.000000,1.000000,1.000000
126.000000,-1.000000,50.878498,460.188873,201.190079,476.227142,1.000000,1.000000,1.000000
126.000000,-1.000000,459.094482,477.438171,196.126099,447.098206,1.000000,1.000000,1.000000
126.000000,-1.000000,213.731842,379.841125,100.778320,435.653992,1.000000,1.000000,1.000000
127.000000,-1.000000,878.935486,452.957733,175.099060,454.851776,1.000000,1.000000,1.000000
127.000000,-1.000000,732.454285,443.267487,131.839111,471.174774,1.000000,1.000000,1.000000
127.000000,-1.000000,451.330170,479.234344,198.756439,450.515045,1.000000,1.000000,1.000000
127.000000,-1.000000,40.528900,462.119507,203.217194,474.229858,1.000000,1.000000,1.000000
127.000000,-1.000000,278.765289,466.458466,146.640472,474.579193,1.000000,1.000000,1.000000
128.000000,-1.000000,868.310791,457.069519,178.033325,456.350159,1.000000,1.000000,1.000000
128.000000,-1.000000,685.233765,438.890076,159.293945,472.848389,1.000000,1.000000,1.000000
128.000000,-1.000000,446.238403,483.271912,202.451965,460.551208,1.000000,1.000000,1.000000
128.000000,-1.000000,249.801697,461.986664,159.524811,480.571503,1.000000,1.000000,1.000000
128.000000,-1.000000,33.285908,462.730560,198.709900,489.676727,1.000000,1.000000,1.000000
129.000000,-1.000000,860.662598,458.906067,190.291748,459.786560,1.000000,1.000000,1.000000
129.000000,-1.000000,641.638855,433.937653,193.635437,473.263275,1.000000,1.000000,1.000000
129.000000,-1.000000,443.836456,475.135071,201.233368,465.151794,1.000000,1.000000,1.000000
129.000000,-1.000000,225.236664,454.035736,177.277374,482.910614,1.000000,1.000000,1.000000
129.000000,-1.000000,28.699854,465.790039,195.517044,491.945496,1.000000,1.000000,1.000000
130.000000,-1.000000,854.411316,463.954498,201.962708,460.527313,1.000000,1.000000,1.000000
130.000000,-1.000000,628.856567,430.641266,206.196472,472.069733,1.000000,1.000000,1.000000
130.000000,-1.000000,442.372284,475.720184,199.594879,475.743011,1.000000,1.000000,1.000000
130.000000,-1.000000,201.833099,448.162201,200.503632,484.874847,1.000000,1.000000,1.000000
130.000000,-1.000000,26.215141,468.374908,201.623108,494.503387,1.000000,1.000000,1.000000
