1,11,906.287,558.637,25.4582,25.6859,1,-1,-1,-1
1,10,1032.21,522.774,24.9906,24.1776,1,-1,-1,-1
1,9,1115.54,739.218,34.2559,33.1483,1,-1,-1,-1
1,8,1057.23,581.835,26.7438,25.894,1,-1,-1,-1
1,7,1005.3,569.337,32.3845,25.6642,1,-1,-1,-1
1,6,1103.36,929.432,39.4076,39.0973,1,-1,-1,-1
1,5,1105.89,714.848,31.6313,30.0884,1,-1,-1,-1
1,4,1077.75,641.211,29.4907,28.7905,1,-1,-1,-1
1,3,1101.65,671.349,30.349,29.9255,1,-1,-1,-1
1,2,1007.18,926.723,40.8065,39.1485,1,-1,-1,-1
1,1,1034.63,868.213,37.0796,37.4468,1,-1,-1,-1
2,11,903.298,561.02,26.3807,25.94,1,-1,-1,-1
2,10,1038.13,520.491,25.6793,26.1812,1,-1,-1,-1
2,9,1115.35,739.559,34.552,33.4218,1,-1,-1,-1
2,8,1056.92,581.856,26.9857,26.3132,1,-1,-1,-1
2,7,1020.42,570.599,33.2333,26.0677,1,-1,-1,-1
2,6,1104.58,927.372,39.6527,39.1073,1,-1,-1,-1
2,5,1105.48,715.177,32.037,30.2073,1,-1,-1,-1
2,4,1077.19,641.601,29.8729,29.0344,1,-1,-1,-1
2,3,1101.56,671.701,30.0769,30.495,1,-1,-1,-1
2,2,1007.99,925.049,39.9698,38.9331,1,-1,-1,-1
2,1,1033.31,866.059,36.5577,36.3636,1,-1,-1,-1
3,12,899.526,523.026,23.3142,22.5264,1,-1,-1,-1
3,11,903.233,562.751,25.7483,25.679,1,-1,-1,-1
3,10,1042.21,520.585,27.6747,25.037,1,-1,-1,-1
3,9,1117.34,739.42,34.1417,33.5607,1,-1,-1,-1
3,8,1058.03,582.014,26.8959,25.5773,1,-1,-1,-1
3,7,1037.85,570.54,28.5575,25.423,1,-1,-1,-1
3,6,1106.9,925.008,39.6385,38.6794,1,-1,-1,-1
3,5,1107.3,714.905,31.7393,29.9696,1,-1,-1,-1
3,4,1078.68,641.498,29.3066,28.7051,1,-1,-1,-1
3,3,1102.45,671.512,30.2244,30.3635,1,-1,-1,-1
3,2,1009.93,922.541,39.8686,37.9918,1,-1,-1,-1
3,1,1032.97,863.15,37.0753,36.851,1,-1,-1,-1
4,11,901.757,564.671,26.1658,25.6636,1,-1,-1,-1
4,10,1050.05,519.292,24.9911,25.9267,1,-1,-1,-1
4,9,1117.36,739.709,34.1978,33.3551,1,-1,-1,-1
4,8,1062.25,583.678,25.6788,25.9496,1,-1,-1,-1
4,7,1048.31,569.65,25.2429,24.3774,1,-1,-1,-1
4,6,1108.09,922.909,39.203,38.8528,1,-1,-1,-1
4,5,1107.33,715.169,31.5863,29.8837,1,-1,-1,-1
4,4,1078.81,641.637,29.0687,28.5447,1,-1,-1,-1
4,3,1102.58,671.712,30.0072,30.3613,1,-1,-1,-1
4,2,1010.22,920.86,39.768,38.0996,1,-1,-1,-1
4,1,1031.42,861.157,36.9163,36.3488,1,-1,-1,-1
5,13,810.43,479.621,22.6431,20.8971,1,-1,-1,-1
5,12,908.765,528.501,24.5533,23.0746,1,-1,-1,-1
5,11,900.565,566.396,26.1851,25.5887,1,-1,-1,-1
5,9,1117.42,739.849,34.0409,33.0648,1,-1,-1,-1
5,8,1068.29,585.819,27.0068,26.2473,1,-1,-1,-1
5,7,1053.5,568.468,25.8378,24.5577,1,-1,-1,-1
5,5,1107.73,715.281,31.1395,29.5458,1,-1,-1,-1
5,4,1078.91,641.732,28.9459,28.4214,1,-1,-1,-1
5,3,1102.6,671.759,29.787,30.127,1,-1,-1,-1
5,2,1011.13,918.868,39.54,37.1916,1,-1,-1,-1
5,1,1029.44,858.518,37.2819,36.3505,1,-1,-1,-1
6,13,813.012,480.232,22.7538,22.5111,1,-1,-1,-1
6,11,900.447,567.838,26.0309,25.1844,1,-1,-1,-1
6,9,1118.3,739.648,33.526,32.9649,1,-1,-1,-1
6,8,1073.06,586.372,26.7365,26.5067,1,-1,-1,-1
6,7,1060.98,567.042,26.4591,24.6241,1,-1,-1,-1
6,5,1108.58,714.787,31.0586,29.5092,1,-1,-1,-1
6,4,1079.24,641.287,29.0083,28.3314,1,-1,-1,-1
6,3,1103.04,671.58,29.5663,30.1184,1,-1,-1,-1
6,2,1012.94,915.939,39.1409,37.7513,1,-1,-1,-1
6,1,1027.79,854.927,37.3645,36.7496,1,-1,-1,-1
7,14,1075.16,762.414,67.0028,89.1578,1,-1,-1,-1
7,12,920.715,535.423,23.4654,24.1201,1,-1,-1,-1
7,11,898.98,569.254,26.0176,26.2791,1,-1,-1,-1
7,10,1062.82,514.891,23.0831,24.0803,1,-1,-1,-1
7,9,1118.35,739.54,33.5126,32.9899,1,-1,-1,-1
7,8,1078.11,587.322,27.126,26.1852,1,-1,-1,-1
7,7,1064.77,565.488,27.2808,24.9007,1,-1,-1,-1
7,6,1118.29,915.062,28.1105,29.9879,1,-1,-1,-1
7,5,1108.41,714.717,31.394,30.054,1,-1,-1,-1
7,4,1079.28,641.214,29.0144,28.3882,1,-1,-1,-1
7,3,1103.48,671.371,29.2583,30.3781,1,-1,-1,-1
7,2,1013.06,913.867,39.8282,38.3623,1,-1,-1,-1
7,1,1026.25,852.735,37.2946,36.598,1,-1,-1,-1
8,15,1065.39,718.636,57.2769,69.9384,1,-1,-1,-1
8,11,896.961,571.32,26.3528,26.6695,1,-1,-1,-1
8,10,1065.63,513.676,22.7095,22.7645,1,-1,-1,-1
8,9,1118.92,739.14,32.7732,33.3191,1,-1,-1,-1
8,8,1081.71,588.316,27.0111,26.4313,1,-1,-1,-1
8,7,1071.29,563.978,26.254,25.1733,1,-1,-1,-1
8,6,1110.87,913.594,37.5028,34.6154,1,-1,-1,-1
8,5,1108.86,714.508,30.4158,30.2748,1,-1,-1,-1
8,4,1079.2,641.206,29.0996,28.551,1,-1,-1,-1
8,3,1102.9,671.159,29.9479,30.7324,1,-1,-1,-1
8,2,1013.34,911.973,39.6257,38.1573,1,-1,-1,-1
8,1,1024.47,849.672,37.3516,36.7947,1,-1,-1,-1
9,16,1056.87,686.813,50.853,55.8164,1,-1,-1,-1
9,12,932.298,541.984,25.1884,24.0519,1,-1,-1,-1
9,11,895.801,572.546,26.6055,26.7192,1,-1,-1,-1
9,10,1065.37,510.925,23.1252,23.1824,1,-1,-1,-1
9,9,1118.21,738.59,33.5001,32.5637,1,-1,-1,-1
9,8,1084.43,588.796,26.4418,26.1026,1,-1,-1,-1
9,7,1075.79,561.126,26.8734,26.4625,1,-1,-1,-1
9,6,1111.26,910.63,37.9445,36.2648,1,-1,-1,-1
9,5,1108.86,714.047,30.5415,29.7401,1,-1,-1,-1
9,4,1079.26,640.645,28.9745,28.7264,1,-1,-1,-1
9,3,1103.27,670.731,29.2168,30.3203,1,-1,-1,-1
9,2,1014.08,909.284,39.1609,38.3369,1,-1,-1,-1
9,1,1022.68,846.373,37.3517,36.686,1,-1,-1,-1
10,16,1048.74,664.318,48.5146,48.0819,1,-1,-1,-1
10,12,939.612,544.333,25.3277,24.1486,1,-1,-1,-1
10,11,894.042,573.594,26.9164,26.7727,1,-1,-1,-1
10,10,1063.61,508.344,23.5305,23.6139,1,-1,-1,-1
10,9,1118.11,738.179,33.4459,32.3848,1,-1,-1,-1
10,8,1083.54,588.747,26.2841,26.3154,1,-1,-1,-1
10,6,1111.38,906.94,38.6765,38.0347,1,-1,-1,-1
10,5,1108.85,712.974,30.4874,30.5695,1,-1,-1,-1
10,4,1079.32,639.892,28.8413,28.8472,1,-1,-1,-1
10,3,1102.86,669.559,29.8063,30.6268,1,-1,-1,-1
10,2,1014.11,906.181,39.7172,38.6078,1,-1,-1,-1
10,1,1020.05,842.613,38.1987,36.9279,1,-1,-1,-1
11,16,1041.33,652.667,44.4554,41.1853,1,-1,-1,-1
11,12,944.023,547.741,25.9175,24.2702,1,-1,-1,-1
11,11,891.203,575.061,26.3499,26.7722,1,-1,-1,-1
11,9,1117.48,737.956,33.6467,32.4295,1,-1,-1,-1
11,8,1081.81,589.498,26.3853,25.9743,1,-1,-1,-1
11,7,1074.55,558.961,26.3458,26.5148,1,-1,-1,-1
11,6,1111.52,905.029,38.3717,37.9506,1,-1,-1,-1
11,5,1108.33,712.996,30.5985,30.4495,1,-1,-1,-1
11,4,1078.82,639.742,29.0403,28.6661,1,-1,-1,-1
11,3,1102.41,669.662,30.0776,30.6608,1,-1,-1,-1
11,2,1014.21,904.84,38.8806,38.412,1,-1,-1,-1
11,1,1016.95,840.578,38.0556,37.0983,1,-1,-1,-1
12,16,1037.38,645.604,38.3118,35.714,1,-1,-1,-1
12,12,951.23,551.492,26.1823,24.7814,1,-1,-1,-1
12,11,889.943,576.689,27.0525,26.6489,1,-1,-1,-1
12,9,1117.77,737.808,33.3425,32.2261,1,-1,-1,-1
12,8,1080.7,590.078,26.2729,25.7209,1,-1,-1,-1
12,7,1073.08,557.945,25.1595,25.6077,1,-1,-1,-1
12,6,1112.17,902.807,38.616,37.9182,1,-1,-1,-1
12,5,1108.04,712.768,30.6498,30.5428,1,-1,-1,-1
12,4,1079.45,639.938,28.4344,28.0554,1,-1,-1,-1
12,3,1102.64,669.788,29.7733,30.325,1,-1,-1,-1
12,2,1014.5,903.192,39.0749,37.9134,1,-1,-1,-1
12,1,1015.92,838.398,37.6714,36.7236,1,-1,-1,-1
13,17,820.424,519.271,24.6244,23.6382,1,-1,-1,-1
13,16,1032.63,642.544,36.4437,32.2054,1,-1,-1,-1
13,12,956.643,553.879,26.1534,25.2413,1,-1,-1,-1
13,11,889.335,577.571,26.6174,26.5284,1,-1,-1,-1
13,9,1117.89,737.199,32.8701,31.7805,1,-1,-1,-1
13,8,1079.92,589.734,26.7953,26.0567,1,-1,-1,-1
13,7,1071.15,556.361,26.0986,25.4733,1,-1,-1,-1
13,6,1112.45,899.541,38.546,38.403,1,-1,-1,-1
13,5,1108.17,711.658,30.5886,31.2307,1,-1,-1,-1
13,4,1079.04,639.279,28.6814,28.4104,1,-1,-1,-1
13,3,1102.52,669.054,30.0183,30.5585,1,-1,-1,-1
13,2,1014.52,901.132,39.067,38.2343,1,-1,-1,-1
13,1,1014.65,834.745,37.4208,37.7393,1,-1,-1,-1
14,17,820.421,521.843,23.8795,23.2654,1,-1,-1,-1
14,16,1028.09,642.273,33.5574,30.809,1,-1,-1,-1
14,12,961.367,556.541,26.2821,24.892,1,-1,-1,-1
14,11,887.721,578.987,26.6583,26.9033,1,-1,-1,-1
14,9,1115.83,737.266,32.9803,31.5397,1,-1,-1,-1
14,8,1077.7,590.047,26.9862,26.3257,1,-1,-1,-1
14,7,1069.62,556.035,26.3555,25.2079,1,-1,-1,-1
14,6,1111.86,897.698,38.2097,37.8162,1,-1,-1,-1
14,5,1106.43,712.225,30.7076,30.5585,1,-1,-1,-1
14,4,1077.58,639.194,29.3816,28.1671,1,-1,-1,-1
14,3,1101.85,669.156,29.5817,30.2969,1,-1,-1,-1
14,2,1013.56,899.963,38.8162,38.3481,1,-1,-1,-1
14,1,1012.58,832.857,36.6703,36.5784,1,-1,-1,-1
15,17,821.783,525.488,23.8276,23.9611,1,-1,-1,-1
15,16,1025.5,646.7,30.1808,29.363,1,-1,-1,-1
15,12,967.198,560.208,25.6805,25.3671,1,-1,-1,-1
15,11,886.764,581.197,26.8456,27.4595,1,-1,-1,-1
15,9,1116.35,737.303,32.7726,31.4595,1,-1,-1,-1
15,8,1075.88,590.543,26.6632,26.7418,1,-1,-1,-1
15,7,1068.16,555.232,25.5227,25.1964,1,-1,-1,-1
15,6,1112.68,895.565,38.1459,37.9289,1,-1,-1,-1
15,5,1106.82,711.788,30.5543,30.9006,1,-1,-1,-1
15,4,1077.87,639.15,29.3691,28.0754,1,-1,-1,-1
15,3,1101.93,669.178,29.8553,30.1472,1,-1,-1,-1
15,2,1014.02,898.11,38.9601,37.4406,1,-1,-1,-1
15,1,1011.43,830.295,36.9325,36.7277,1,-1,-1,-1
16,18,1023.4,618.845,30.7762,34.4016,1,-1,-1,-1
16,17,823.188,530.202,24.0159,24.6479,1,-1,-1,-1
16,12,974.643,562.879,26.2316,26.2056,1,-1,-1,-1
16,11,886.007,581.832,27.3957,27.884,1,-1,-1,-1
16,9,1116.51,736.89,33.0513,32.0304,1,-1,-1,-1
16,7,1065.19,553.574,26.2949,25.3499,1,-1,-1,-1
16,6,1112.93,894.102,38.2036,37.0848,1,-1,-1,-1
16,5,1108.12,711.169,30.4592,31.5079,1,-1,-1,-1
16,4,1078.44,638.793,29.2273,28.4202,1,-1,-1,-1
16,3,1102.17,668.542,29.9161,30.5686,1,-1,-1,-1
16,2,1014.6,896.012,39.1834,38.0602,1,-1,-1,-1
16,1,1010.51,827.988,36.7329,36.1993,1,-1,-1,-1
17,19,1018.65,590.418,30.7534,32.5388,1,-1,-1,-1
17,17,822.687,534.479,24.2748,24.6196,1,-1,-1,-1
17,12,978.915,567.363,27.075,25.9373,1,-1,-1,-1
17,11,884.162,584.533,27.4119,27.4637,1,-1,-1,-1
17,9,1115.5,737.492,33.6978,32.3346,1,-1,-1,-1
17,8,1072.8,592.011,27.2018,27.5851,1,-1,-1,-1
17,7,1062.71,554.342,25.9484,24.9217,1,-1,-1,-1
17,6,1112.32,892.893,37.9236,37.0113,1,-1,-1,-1
17,5,1106.1,712.727,30.8756,30.6537,1,-1,-1,-1
17,4,1077.23,639.622,29.4832,28.1532,1,-1,-1,-1
17,3,1101.45,669.557,29.7544,30.3441,1,-1,-1,-1
17,2,1013.92,895.187,38.885,37.9598,1,-1,-1,-1
17,1,1008.55,826.293,36.2512,36.627,1,-1,-1,-1
18,20,1018.13,563.731,28.5036,29.9052,1,-1,-1,-1
18,17,823.686,541.459,24.7223,24.2964,1,-1,-1,-1
18,12,987.185,571.235,26.6414,26.0684,1,-1,-1,-1
18,11,883.407,586.732,27.263,26.9584,1,-1,-1,-1
18,9,1115.72,737.55,33.6093,32.1834,1,-1,-1,-1
18,8,1071.89,592.265,27.3733,27.7979,1,-1,-1,-1
18,7,1061.91,553.236,26.3413,25.2672,1,-1,-1,-1
18,6,1112.78,890.637,38.2145,37.6932,1,-1,-1,-1
18,5,1106.25,712.671,31.3011,31.0104,1,-1,-1,-1
18,4,1077.42,639.724,29.5499,28.0417,1,-1,-1,-1
18,3,1101.45,669.44,29.9938,30.5157,1,-1,-1,-1
18,2,1014.15,893.769,38.9188,37.8501,1,-1,-1,-1
18,1,1007.41,824.116,37.058,36.7986,1,-1,-1,-1
19,21,1016.5,543.741,27.45,28.4362,1,-1,-1,-1
19,17,824.37,545.309,24.7333,25.0812,1,-1,-1,-1
19,12,994.847,574.948,26.4039,26.5983,1,-1,-1,-1
19,11,882.584,588.475,27.5445,27.0519,1,-1,-1,-1
19,9,1116.08,737.739,33.4985,31.8784,1,-1,-1,-1
19,8,1071.18,594.045,27.5947,27.3927,1,-1,-1,-1
19,7,1060.99,553.655,25.4237,24.4606,1,-1,-1,-1
19,6,1112.98,889.116,38.3204,37.6439,1,-1,-1,-1
19,5,1106.37,713.058,31.0631,30.8477,1,-1,-1,-1
19,4,1077.46,640.029,29.5022,27.7914,1,-1,-1,-1
19,3,1101.69,669.881,29.8209,30.2927,1,-1,-1,-1
19,2,1014.32,892.447,38.8428,38.1722,1,-1,-1,-1
19,1,1006.15,822.221,36.6987,36.1728,1,-1,-1,-1
20,22,1042.03,469.322,22.108,21.3082,1,-1,-1,-1
20,21,1014.8,526.748,26.0604,28.0087,1,-1,-1,-1
20,17,825.149,550.045,25.5732,26.0668,1,-1,-1,-1
20,12,999.789,578.355,27.7916,26.6278,1,-1,-1,-1
20,11,880.786,590.037,27.9252,27.8312,1,-1,-1,-1
20,9,1115.42,737.76,33.8578,32.2998,1,-1,-1,-1
20,8,1069.99,594.975,27.3878,27.4344,1,-1,-1,-1
20,7,1059.35,552.481,25.6626,24.9649,1,-1,-1,-1
20,6,1113.6,886.909,38.1771,37.0323,1,-1,-1,-1
20,5,1105.89,713.312,31.3998,30.583,1,-1,-1,-1
20,4,1076.99,640.044,29.6879,27.8848,1,-1,-1,-1
20,3,1101.43,669.774,29.8173,30.1213,1,-1,-1,-1
20,2,1014.56,891.061,38.5865,37.7849,1,-1,-1,-1
20,1,1005.47,819.897,36.4885,36.0565,1,-1,-1,-1
21,22,1041.82,469.262,21.5779,20.9874,1,-1,-1,-1
21,17,825.382,555.068,25.642,25.3527,1,-1,-1,-1
21,12,1006.74,582.168,27.7034,27.2344,1,-1,-1,-1
21,11,879.509,592.384,27.6698,27.5507,1,-1,-1,-1
21,9,1114.98,737.688,33.4233,32.5943,1,-1,-1,-1
21,8,1068.76,595.583,27.9358,27.7524,1,-1,-1,-1
21,7,1057.63,551.304,25.7457,25.3488,1,-1,-1,-1
21,6,1113.71,885.508,38.3727,37.515,1,-1,-1,-1
21,5,1105.39,713.536,31.1711,30.2601,1,-1,-1,-1
21,4,1076.44,640.118,29.7579,27.9893,1,-1,-1,-1
21,3,1100.9,669.926,29.6104,30.4404,1,-1,-1,-1
21,2,1014.08,889.709,38.6505,38.202,1,-1,-1,-1
21,1,1004.54,819.112,37.3284,35.4239,1,-1,-1,-1
22,24,751.238,557.402,24.8466,35.6716,1,-1,-1,-1
22,23,1008.27,503.113,26.558,26.3153,1,-1,-1,-1
22,22,1041.32,468.939,21.6038,20.7591,1,-1,-1,-1
22,17,825.223,559.548,27.0798,26.5424,1,-1,-1,-1
22,12,1014.17,586.458,27.2394,26.546,1,-1,-1,-1
22,11,878.065,594.593,27.8733,27.2687,1,-1,-1,-1
22,9,1114.58,738.067,33.4941,32.646,1,-1,-1,-1
22,8,1066.9,596.533,28.303,27.5748,1,-1,-1,-1
22,7,1054.48,550.862,25.9546,25.3677,1,-1,-1,-1
22,6,1113.87,884.122,38.473,37.6343,1,-1,-1,-1
22,5,1104.82,713.885,31.5687,30.2014,1,-1,-1,-1
22,4,1074.37,640.36,30.3331,28.0764,1,-1,-1,-1
22,3,1100.8,670.141,29.4482,30.3137,1,-1,-1,-1
22,2,1013.78,888.894,38.8605,38.1741,1,-1,-1,-1
22,1,1004.14,817.783,36.384,35.0162,1,-1,-1,-1
23,25,1234.16,991.036,46.5405,45.6312,1,-1,-1,-1
23,24,751.119,557.677,24.7094,35.7205,1,-1,-1,-1
23,23,1006.79,498.848,25.107,25.0578,1,-1,-1,-1
23,22,1041.19,468.82,21.3829,20.5985,1,-1,-1,-1
23,17,826.147,563.708,27.0222,26.3388,1,-1,-1,-1
23,12,1019.82,589.826,28.1942,26.9217,1,-1,-1,-1
23,11,877.031,596.301,27.6531,27.3854,1,-1,-1,-1
23,9,1114,738.15,33.7704,32.744,1,-1,-1,-1
23,8,1064.62,597.315,28.2377,27.6071,1,-1,-1,-1
23,7,1053.06,550.219,25.64,25.4572,1,-1,-1,-1
23,6,1116.03,882.9,38.3522,36.4338,1,-1,-1,-1
23,5,1104.84,714.078,31.0865,30.1838,1,-1,-1,-1
23,4,1074.19,640.454,30.0254,27.9287,1,-1,-1,-1
23,3,1100.7,670.354,29.058,30.0602,1,-1,-1,-1
23,2,1014.12,888.336,38.6221,37.8567,1,-1,-1,-1
23,1,1004.32,816.21,36.0988,35.2928,1,-1,-1,-1
24,26,1031.49,501.803,21.0259,21.3393,1,-1,-1,-1
24,25,1233.43,982.716,45.9619,46.6864,1,-1,-1,-1
24,23,1005.23,497.045,25.5463,24.5261,1,-1,-1,-1
24,22,1041.24,468.877,21.1494,20.819,1,-1,-1,-1
24,12,1028.02,594.128,27.4199,26.8392,1,-1,-1,-1
24,11,875.852,598.237,27.9045,27.5822,1,-1,-1,-1
24,9,1113.87,738.392,33.4584,32.5729,1,-1,-1,-1
24,8,1063.8,598.581,26.8213,26.9523,1,-1,-1,-1
24,7,1051.46,549.516,25.1379,25.927,1,-1,-1,-1
24,6,1118.11,881.119,38.1105,37.026,1,-1,-1,-1
24,5,1104.64,714.394,31.0698,29.8971,1,-1,-1,-1
24,4,1074.15,640.664,29.4325,27.7944,1,-1,-1,-1
24,3,1100.06,670.86,29.3259,29.4201,1,-1,-1,-1
24,2,1014.5,887.871,38.8949,38.0149,1,-1,-1,-1
24,1,1004.22,814.65,35.9659,35.1453,1,-1,-1,-1
25,27,1065.6,448.504,19.2802,19.8306,1,-1,-1,-1
25,26,1031.24,502.213,21.2283,21.5706,1,-1,-1,-1
25,25,1221.59,984.696,52.2533,48.2233,1,-1,-1,-1
25,24,750.848,558.842,24.8892,35.2058,1,-1,-1,-1
25,23,1005.06,498.855,25.1304,22.997,1,-1,-1,-1
25,22,1041.12,468.519,21.5386,21.2926,1,-1,-1,-1
25,17,830.571,575.237,26.2805,25.6003,1,-1,-1,-1
25,12,1035.96,598.502,26.3618,26.7194,1,-1,-1,-1
25,11,875.468,600.411,28.0456,28.1323,1,-1,-1,-1
25,9,1114.07,738.584,33.7655,32.602,1,-1,-1,-1
25,8,1063.71,599.374,26.7682,27.1735,1,-1,-1,-1
25,7,1050.82,549.319,25.2312,25.9366,1,-1,-1,-1
25,6,1119.72,879.268,37.9695,37.3896,1,-1,-1,-1
25,5,1104.69,714.575,31.0001,29.8495,1,-1,-1,-1
25,4,1074.21,640.93,29.4916,27.7247,1,-1,-1,-1
25,3,1100.3,671.075,29.2988,29.4468,1,-1,-1,-1
25,2,1015.3,887.551,38.7535,36.6837,1,-1,-1,-1
25,1,1004.51,813.462,35.9893,35.7157,1,-1,-1,-1
26,25,1205.09,998.343,63.3379,56.1901,1,-1,-1,-1
26,23,1004.75,502.436,25.5269,24.3554,1,-1,-1,-1
26,22,1040.92,469.192,21.3077,20.6532,1,-1,-1,-1
26,17,831.818,579.137,26.1796,27.0014,1,-1,-1,-1
26,12,1039.53,602.64,26.3002,27.4696,1,-1,-1,-1
26,11,874.685,603.063,27.8352,28.4296,1,-1,-1,-1
26,9,1113.81,739.642,33.3998,32.5781,1,-1,-1,-1
26,8,1065.03,600.176,26.4541,27.6618,1,-1,-1,-1
26,7,1048.66,549.319,25.6473,26.0905,1,-1,-1,-1
26,6,1120.77,877.679,38.1498,36.7726,1,-1,-1,-1
26,5,1104.53,714.839,31.0901,29.8773,1,-1,-1,-1
26,4,1074.44,641.178,29.1357,27.6967,1,-1,-1,-1
26,3,1100.15,671.212,29.0763,29.5583,1,-1,-1,-1
26,2,1015.88,887.004,39.1061,36.5972,1,-1,-1,-1
26,1,1004.77,811.928,36.0731,34.684,1,-1,-1,-1
27,25,1191.02,1016.96,70.0748,54.2261,1,-1,-1,-1
27,22,1041.13,468.867,21.053,20.1019,1,-1,-1,-1
27,17,833.206,583.114,27.3497,27.9166,1,-1,-1,-1
27,12,1041.25,605.647,28.1797,27.8939,1,-1,-1,-1
27,11,874.452,604.548,27.9716,28.3878,1,-1,-1,-1
27,9,1113.93,739.283,33.8425,33.0368,1,-1,-1,-1
27,8,1071.4,601.655,26.0159,27.7472,1,-1,-1,-1
27,7,1048.08,549.001,25.2998,25.6079,1,-1,-1,-1
27,6,1122.84,875.37,38.1295,36.673,1,-1,-1,-1
27,5,1104.67,714.796,31.1281,30.0089,1,-1,-1,-1
27,4,1074.6,640.787,29.5742,27.9959,1,-1,-1,-1
27,3,1100.37,671.19,29.4078,29.6042,1,-1,-1,-1
27,2,1017.55,885.545,39.1189,37.7957,1,-1,-1,-1
27,1,1005.39,810.178,36.39,35.5021,1,-1,-1,-1
28,28,999.521,455.967,111.761,72.9604,1,-1,-1,-1
28,24,751.39,559.19,24.7043,35.5244,1,-1,-1,-1
28,22,1041.63,468.452,20.799,19.7916,1,-1,-1,-1
28,17,834.559,587.851,27.367,26.945,1,-1,-1,-1
28,12,1042.7,609.223,28.5831,27.4325,1,-1,-1,-1
28,11,873.831,606.192,27.799,28.0548,1,-1,-1,-1
28,9,1113.88,738.503,33.6591,32.9062,1,-1,-1,-1
28,8,1074.47,602.262,26.4851,28.0667,1,-1,-1,-1
28,7,1047.23,547.953,24.9812,24.93,1,-1,-1,-1
28,6,1123.6,873.002,38.0187,36.5782,1,-1,-1,-1
28,5,1104.69,714.559,31.0461,29.9442,1,-1,-1,-1
28,4,1074.31,640.623,29.8767,27.9788,1,-1,-1,-1
28,3,1100.21,670.943,29.6587,29.9891,1,-1,-1,-1
28,2,1017.87,884.444,38.8549,37.1722,1,-1,-1,-1
28,1,1005.83,808.566,36.2497,35.2442,1,-1,-1,-1
29,26,1030.26,503.081,21.9084,20.8497,1,-1,-1,-1
29,24,750.409,558.691,24.4994,35.4832,1,-1,-1,-1
29,22,1040.26,466.967,23.5284,22.2542,1,-1,-1,-1
29,17,835.308,592.673,27.4037,26.9658,1,-1,-1,-1
29,12,1044.57,613.756,28.2378,27.5172,1,-1,-1,-1
29,11,872.08,607.393,27.1906,26.7019,1,-1,-1,-1
29,9,1112.7,738.501,33.3915,32.8314,1,-1,-1,-1
29,8,1075.42,602.471,25.5989,27.7396,1,-1,-1,-1
29,7,1044.12,546.845,25.2938,25.1285,1,-1,-1,-1
29,6,1123.7,871.089,37.6694,36.1948,1,-1,-1,-1
29,5,1103.76,714.321,31.1555,30.1161,1,-1,-1,-1
29,4,1073.56,640.455,29.4292,27.8032,1,-1,-1,-1
29,3,1099,670.717,29.1962,29.7784,1,-1,-1,-1
29,2,1017.23,883.844,38.723,36.6804,1,-1,-1,-1
29,1,1005.5,807.74,36.1224,33.726,1,-1,-1,-1
30,29,1083.46,487.489,24.0159,28.4522,1,-1,-1,-1
30,26,1029.67,503.592,21.4877,21.412,1,-1,-1,-1
30,24,749.236,558.923,24.418,35.7379,1,-1,-1,-1
30,17,836.632,595.701,59.8972,44.353,1,-1,-1,-1
30,12,1045.91,618.282,27.6714,27.9582,1,-1,-1,-1
30,9,1111.4,740.281,33.6383,32.6184,1,-1,-1,-1
30,8,1076.15,603.451,25.4824,27.8521,1,-1,-1,-1
30,7,1041.78,547.273,25.0544,25.0672,1,-1,-1,-1
30,6,1125.78,866.694,62.5688,66.6591,1,-1,-1,-1
30,5,1102.64,715.131,31.1055,29.9737,1,-1,-1,-1
30,4,1072.82,641.891,28.9426,27.8292,1,-1,-1,-1
30,3,1096.68,671.988,29.2977,29.1673,1,-1,-1,-1
30,2,1017.16,883.549,38.8781,37.0248,1,-1,-1,-1
30,1,1005.01,807.692,35.9078,34.2274,1,-1,-1,-1
31,31,1021.03,478.994,21.5523,20.7275,1,-1,-1,-1
31,30,1108.72,805.924,59.8531,63.066,1,-1,-1,-1
31,29,1083.88,487.523,23.7568,29.4887,1,-1,-1,-1
31,26,1030.06,503.872,21.145,21.6772,1,-1,-1,-1
31,24,749.065,559.579,25.2864,35.5873,1,-1,-1,-1
31,22,1041.8,469.002,19.3113,19.0126,1,-1,-1,-1
31,17,834.954,588.975,52.0912,42.7228,1,-1,-1,-1
31,12,1048.54,621.637,28.2656,28.6536,1,-1,-1,-1
31,9,1111.99,740.537,33.5248,32.5718,1,-1,-1,-1
31,8,1075.76,603.301,26.0422,28.3099,1,-1,-1,-1
31,7,1041.31,547.336,24.771,25.1775,1,-1,-1,-1
31,6,1126.88,869.043,32.8354,34.8554,1,-1,-1,-1
31,5,1103.32,715.607,30.916,30.0271,1,-1,-1,-1
31,4,1073.49,642.118,28.9441,28.215,1,-1,-1,-1
31,3,1097.9,672.325,29.6255,29.9138,1,-1,-1,-1
31,2,1019.53,883.283,38.2853,36.9203,1,-1,-1,-1
31,1,1006.1,806.58,35.9297,34.8472,1,-1,-1,-1
32,32,990.294,480.963,21.6289,22.9064,1,-1,-1,-1
32,17,831.18,603.138,37.603,36.7552,1,-1,-1,-1
32,14,1091.05,761.443,54.73,51.7171,1,-1,-1,-1
32,12,1052.56,625.109,27.6291,28.2736,1,-1,-1,-1
32,9,1113.69,740.234,33.6262,31.738,1,-1,-1,-1
32,7,1040.74,546.283,24.7809,24.8566,1,-1,-1,-1
32,6,1129.7,865.184,37.8925,36.7382,1,-1,-1,-1
32,5,1103.89,715.619,30.7786,29.3266,1,-1,-1,-1
32,4,1074.57,641.775,28.6329,27.9099,1,-1,-1,-1
32,3,1099.07,671.912,29.5947,29.8795,1,-1,-1,-1
32,2,1022.3,881.91,37.7031,37.1392,1,-1,-1,-1
32,1,1007.85,804.51,36.4259,35.3,1,-1,-1,-1
33,28,1022.41,455.066,88.6656,70.9531,1,-1,-1,-1
33,26,1030.43,503.879,21.4866,21.8902,1,-1,-1,-1
33,15,1073.13,728.489,46.7446,45.5327,1,-1,-1,-1
33,12,1054.02,629.956,27.6855,26.923,1,-1,-1,-1
33,11,868.747,616.541,26.741,27.8408,1,-1,-1,-1
33,9,1116.78,741.298,28.4095,32.038,1,-1,-1,-1
33,8,1075.2,602.635,26.2985,28.3252,1,-1,-1,-1
33,7,1039.19,546.583,24.7952,24.6526,1,-1,-1,-1
33,6,1130.58,863.801,36.9843,37.6053,1,-1,-1,-1
33,5,1104.01,716.048,30.2682,28.7122,1,-1,-1,-1
33,4,1074.48,642.74,28.688,27.7998,1,-1,-1,-1
33,3,1098.34,672.45,29.5732,29.8618,1,-1,-1,-1
33,2,1022.93,881.856,37.8168,37.5273,1,-1,-1,-1
33,1,1007.69,804.304,36.2985,35.4894,1,-1,-1,-1
34,33,1059.46,704.846,45.2419,43.5612,1,-1,-1,-1
34,17,843.469,617.744,27.4713,28.1324,1,-1,-1,-1
34,11,869.573,618.625,27.3978,27.4177,1,-1,-1,-1
34,9,1111.97,741.154,33.5521,32.0634,1,-1,-1,-1
34,8,1074.12,602.4,26.5991,27.9265,1,-1,-1,-1
34,7,1037.66,546.226,25.2487,24.9156,1,-1,-1,-1
34,6,1132.22,862.051,36.5477,36.5958,1,-1,-1,-1
34,5,1103.59,716.183,30.7587,30.4953,1,-1,-1,-1
34,3,1098.11,672.995,29.963,30.4148,1,-1,-1,-1
34,2,1024.12,881.36,37.7057,36.8123,1,-1,-1,-1
34,1,1007.94,803.086,36.2723,35.861,1,-1,-1,-1
35,34,1021.1,462.567,21.4198,20.8024,1,-1,-1,-1
35,33,1048.7,690.802,42.0375,38.1855,1,-1,-1,-1
35,26,1030.8,503.83,21.8062,22.455,1,-1,-1,-1
35,17,843.898,620.827,27.5457,28.6386,1,-1,-1,-1
35,11,871.973,619.928,28.0205,27.8557,1,-1,-1,-1
35,9,1112.5,740.935,33.4813,32.091,1,-1,-1,-1
35,8,1074.24,601.604,26.7668,28.4296,1,-1,-1,-1
35,7,1036.71,545.256,25.111,24.8002,1,-1,-1,-1
35,6,1134.02,859.712,36.7374,36.4993,1,-1,-1,-1
35,5,1103.66,716.203,31.1145,29.4192,1,-1,-1,-1
35,4,1079.62,644.909,27.4097,28.6871,1,-1,-1,-1
35,3,1099,672.893,29.5632,30.0148,1,-1,-1,-1
35,2,1025.4,880.017,38.4215,37.2201,1,-1,-1,-1
35,1,1008.46,801.454,36.5325,35.7262,1,-1,-1,-1
36,35,809.527,683.786,33.8918,41.0508,1,-1,-1,-1
36,34,1019.32,458.465,21.3979,21.2133,1,-1,-1,-1
36,33,1037.96,683.458,38.1476,33.9562,1,-1,-1,-1
36,32,998.078,478.325,20.3138,20.7249,1,-1,-1,-1
36,26,1030.51,504.273,21.7842,22.3065,1,-1,-1,-1
36,17,842.229,625.7,27.6307,28.3723,1,-1,-1,-1
36,12,1052.42,636.373,28.767,28.2452,1,-1,-1,-1
36,9,1111.95,741.203,33.6837,32.1452,1,-1,-1,-1
36,8,1073.18,601.528,26.8916,28.0291,1,-1,-1,-1
36,7,1033.39,544.81,24.9987,24.9329,1,-1,-1,-1
36,6,1134.83,857.373,36.906,36.6883,1,-1,-1,-1
36,5,1103.31,716.811,30.9581,29.6273,1,-1,-1,-1
36,4,1081.09,646.02,29.6273,29.2882,1,-1,-1,-1
36,3,1099.02,673.478,29.2295,29.5381,1,-1,-1,-1
36,2,1026.16,879.447,37.9917,37.7431,1,-1,-1,-1
36,1,1008.34,800.958,36.1285,35.5917,1,-1,-1,-1
37,34,1019.99,454.706,21.1155,21.0786,1,-1,-1,-1
37,33,1029.02,679.676,35.4606,32.8758,1,-1,-1,-1
37,32,998.787,476.44,21.4181,21.4274,1,-1,-1,-1
37,17,842.278,629.453,26.8997,27.9951,1,-1,-1,-1
37,12,1051.98,637.693,29.6578,28.5056,1,-1,-1,-1
37,11,873.456,624.287,28.2402,27.9919,1,-1,-1,-1
37,9,1112.23,740.93,33.7222,32.3113,1,-1,-1,-1
37,8,1072.86,600.244,27.2788,28.0213,1,-1,-1,-1
37,7,1032.26,544.047,25.568,24.8989,1,-1,-1,-1
37,6,1136.22,854.424,36.6251,36.5263,1,-1,-1,-1
37,5,1103.47,716.356,31.0149,29.5331,1,-1,-1,-1
37,4,1083.53,647.151,29.8019,28.748,1,-1,-1,-1
37,3,1099.21,673.482,29.3468,29.3656,1,-1,-1,-1
37,2,1026.91,878.547,38.2462,37.8702,1,-1,-1,-1
37,1,1008.74,799.957,36.0766,35.155,1,-1,-1,-1
38,36,789.332,599.858,33.9567,38.5369,1,-1,-1,-1
38,33,1022.74,681.477,31.2755,30.3242,1,-1,-1,-1
38,32,998.467,475.025,22.3317,22.5562,1,-1,-1,-1
38,17,840.218,635.118,28.3312,28.6211,1,-1,-1,-1
38,12,1050.17,640.022,30.1029,28.207,1,-1,-1,-1
38,11,873.391,626.377,28.5318,28.2909,1,-1,-1,-1
38,9,1111.84,741.126,33.361,32.5259,1,-1,-1,-1
38,8,1071.97,600.224,27.0997,27.9327,1,-1,-1,-1
38,7,1030.55,543.867,25.2426,24.6995,1,-1,-1,-1
38,6,1137.16,852.154,36.9424,37.4104,1,-1,-1,-1
38,5,1103.08,716.81,30.9628,29.931,1,-1,-1,-1
38,4,1085.4,649.416,28.6584,27.5031,1,-1,-1,-1
38,3,1098.88,674.048,29.1075,29.4306,1,-1,-1,-1
38,2,1027.43,878.691,38.6428,37.7267,1,-1,-1,-1
38,1,1008.08,799.608,36.5847,35.6951,1,-1,-1,-1
39,33,1017.32,657.25,29.8267,36.0742,1,-1,-1,-1
39,32,999.686,475.766,22.5936,21.7506,1,-1,-1,-1
39,17,839.827,639.357,28.7933,28.8182,1,-1,-1,-1
39,12,1050.17,641.841,28.6979,28.4044,1,-1,-1,-1
39,11,874.261,628.919,28.6534,28.6049,1,-1,-1,-1
39,9,1112.27,741.114,33.8146,32.4337,1,-1,-1,-1
39,8,1071.85,600.108,27.0103,27.3858,1,-1,-1,-1
39,7,1030.22,543.263,24.3959,24.3978,1,-1,-1,-1
39,6,1139.45,849.859,36.1793,36.4205,1,-1,-1,-1
39,5,1103.39,716.658,31.176,29.9224,1,-1,-1,-1
39,4,1088.67,650.457,28.458,27.4714,1,-1,-1,-1
39,3,1099.4,673.75,29.3201,29.7295,1,-1,-1,-1
39,2,1030.01,878.393,39.041,37.9432,1,-1,-1,-1
39,1,1009.04,799.22,35.8541,35.3441,1,-1,-1,-1
40,37,773.051,531.478,34.0906,36.7217,1,-1,-1,-1
40,18,1013.74,621.761,29.7466,34.4298,1,-1,-1,-1
40,17,838.854,642.818,28.9011,30.1339,1,-1,-1,-1
40,12,1048.59,644.83,29.5729,28.6442,1,-1,-1,-1
40,11,874.428,631.274,29.242,29.0964,1,-1,-1,-1
40,9,1112.17,741.712,33.7761,32.2487,1,-1,-1,-1
40,8,1070.96,600.022,27.2689,26.6639,1,-1,-1,-1
40,7,1028.91,543.198,24.6005,24.5624,1,-1,-1,-1
40,6,1140.23,847.872,35.5244,36.7491,1,-1,-1,-1
40,5,1103.25,717.259,31.0658,29.919,1,-1,-1,-1
40,4,1090.55,651.42,29.073,27.5006,1,-1,-1,-1
40,3,1098.91,673.894,29.8065,30.0283,1,-1,-1,-1
40,2,1030.86,878.427,39.1254,37.9381,1,-1,-1,-1
40,1,1008.69,799.105,35.9141,34.954,1,-1,-1,-1
41,38,766.532,508.15,32.3581,32.8652,1,-1,-1,-1
41,19,1008.67,590.991,30.4826,33.7898,1,-1,-1,-1
41,17,836.914,648.136,29.5144,29.6399,1,-1,-1,-1
41,12,1047.12,646.642,30.2109,29.2243,1,-1,-1,-1
41,11,874.909,634.582,29.2825,29.1962,1,-1,-1,-1
41,9,1112.15,741.881,33.7107,32.338,1,-1,-1,-1
41,8,1070.62,600.015,27.275,26.4926,1,-1,-1,-1
41,7,1027.14,543.223,25.323,24.2917,1,-1,-1,-1
41,6,1141.12,846.14,35.4675,35.8679,1,-1,-1,-1
41,5,1103.52,717.635,30.6354,29.7549,1,-1,-1,-1
41,4,1092.04,653.022,28.2738,26.3465,1,-1,-1,-1
41,3,1099.13,674.086,29.5575,30.3135,1,-1,-1,-1
41,2,1031.81,878.71,39.2783,37.6685,1,-1,-1,-1
41,1,1008.75,799.129,35.7188,34.924,1,-1,-1,-1
42,39,759.144,482.418,33.4864,36.2841,1,-1,-1,-1
42,21,1008.91,459.494,21.099,19.296,1,-1,-1,-1
42,20,1006.52,566.419,28.0421,29.5058,1,-1,-1,-1
42,17,836.356,653.374,29.231,30.0939,1,-1,-1,-1
42,12,1046.68,647.734,29.2634,29.8105,1,-1,-1,-1
42,11,875.638,637.127,28.9931,28.8028,1,-1,-1,-1
42,9,1112.33,742.364,33.5348,32.2161,1,-1,-1,-1
42,8,1070.33,599.909,27.4152,26.5742,1,-1,-1,-1
42,7,1026.38,543.039,24.7761,24.0465,1,-1,-1,-1
42,6,1142.2,844.304,35.4923,35.4487,1,-1,-1,-1
42,5,1103.61,717.95,30.7163,29.8389,1,-1,-1,-1
42,4,1094.69,654.057,27.8766,25.2248,1,-1,-1,-1
42,3,1099.28,674.905,30.0132,29.7181,1,-1,-1,-1
42,2,1032.96,878.996,39.3256,37.8598,1,-1,-1,-1
42,1,1008.67,798.668,35.6279,35.1667,1,-1,-1,-1
43,39,754.336,464.627,32.9676,34.0414,1,-1,-1,-1
43,21,1008.63,460.737,21.438,18.0302,1,-1,-1,-1
43,17,835.747,658.308,29.4396,29.6907,1,-1,-1,-1
43,12,1046.15,649.885,29.05,29.535,1,-1,-1,-1
43,11,876.755,639.599,29.064,28.9548,1,-1,-1,-1
43,9,1112.49,742.764,33.8885,32.106,1,-1,-1,-1
43,8,1070.23,600.053,26.9335,26.2073,1,-1,-1,-1
43,7,1026.68,543.129,23.6648,24.2364,1,-1,-1,-1
43,6,1143.36,842.149,34.4462,36.2294,1,-1,-1,-1
43,5,1103.73,718.29,30.8575,29.7659,1,-1,-1,-1
43,4,1096.43,655.305,26.5227,24.0941,1,-1,-1,-1
43,3,1099.37,675.476,29.9258,29.3451,1,-1,-1,-1
43,2,1035.97,879.628,37.9875,37.3373,1,-1,-1,-1
43,1,1009.08,798.633,35.9271,35.2,1,-1,-1,-1
44,40,999.505,529.151,26.7486,27.8708,1,-1,-1,-1
44,39,749.065,442.444,31.9266,40.9153,1,-1,-1,-1
44,32,1007.12,466.743,23.0263,28.7052,1,-1,-1,-1
44,17,835.517,663.018,29.0203,29.0127,1,-1,-1,-1
44,12,1045.32,652.12,29.3661,28.9319,1,-1,-1,-1
44,11,878.386,642.842,28.2023,29.4097,1,-1,-1,-1
44,9,1113.52,743.831,32.6897,31.8044,1,-1,-1,-1
44,8,1070.12,601.083,26.996,25.9554,1,-1,-1,-1
44,7,1024.63,543.614,24.5892,24.4825,1,-1,-1,-1
44,6,1143.89,841.103,34.6722,35.3162,1,-1,-1,-1
44,5,1104.46,719.797,30.8206,29.6818,1,-1,-1,-1
44,3,1099.65,677.564,29.6715,28.9817,1,-1,-1,-1
44,2,1037.4,880.945,38.5471,37.1121,1,-1,-1,-1
44,1,1009.75,799.417,35.6987,34.8769,1,-1,-1,-1
45,41,1049.01,500.426,24.0991,23.0157,1,-1,-1,-1
45,40,998.412,518.304,26.7516,26.1469,1,-1,-1,-1
45,39,746.542,434.667,32.2559,40.8366,1,-1,-1,-1
45,32,1007.48,467.226,24.5728,28.2844,1,-1,-1,-1
45,17,835.334,668.184,30.1699,30.2085,1,-1,-1,-1
45,12,1046.24,655.127,29.2201,29.4623,1,-1,-1,-1
45,11,880.537,646.495,29.4196,29.5311,1,-1,-1,-1
45,9,1114.61,744.672,33.5334,31.6719,1,-1,-1,-1
45,8,1070.85,601.936,27.1877,27.3658,1,-1,-1,-1
45,7,1025.66,543.643,23.3376,24.0518,1,-1,-1,-1
45,6,1144.4,839.955,35.6796,35.7366,1,-1,-1,-1
45,5,1105.62,720.695,31.2231,30.3362,1,-1,-1,-1
45,3,1100.95,678.561,30.6597,28.7602,1,-1,-1,-1
45,2,1040.5,881.891,39.4645,37.5663,1,-1,-1,-1
45,1,1012.12,799.611,35.2988,35.1603,1,-1,-1,-1
46,41,1052.02,501.704,22.1056,23.2895,1,-1,-1,-1
46,23,997.696,511.092,25.2438,24.4619,1,-1,-1,-1
46,17,835.893,673.388,29.8892,29.752,1,-1,-1,-1
46,12,1046.51,657.186,29.3002,29.5399,1,-1,-1,-1
46,11,884.189,649.683,28.6611,29.0578,1,-1,-1,-1
46,9,1116.04,745.697,33.8038,31.8304,1,-1,-1,-1
46,8,1071.68,602.424,27.2062,27.6249,1,-1,-1,-1
46,7,1025.11,544.335,24.8257,24.4606,1,-1,-1,-1
46,6,1145.32,839.077,35.3632,35.3029,1,-1,-1,-1
46,5,1107.91,721.317,30.9976,30.8239,1,-1,-1,-1
46,3,1101.7,678.93,31.4855,29.0476,1,-1,-1,-1
46,2,1043.26,883.203,39.0911,37.1071,1,-1,-1,-1
46,1,1014.12,799.773,35.1778,35.3104,1,-1,-1,-1
47,23,996.279,509.92,24.5004,23.7994,1,-1,-1,-1
47,17,844.589,679.675,22.7191,28.1361,1,-1,-1,-1
47,12,1046.51,660.216,29.249,29.4338,1,-1,-1,-1
47,11,886.7,654.816,28.9554,29.9288,1,-1,-1,-1
47,9,1118.51,747.994,33.408,32.4058,1,-1,-1,-1
47,8,1072.68,603.999,26.6888,27.9315,1,-1,-1,-1
47,6,1146.11,839.183,35.2175,35.3541,1,-1,-1,-1
47,5,1108.71,723.139,31.272,30.6385,1,-1,-1,-1
47,3,1103.04,681.415,30.4739,28.9451,1,-1,-1,-1
47,2,1045.77,885.272,39.6653,37.6362,1,-1,-1,-1
47,1,1015.14,801.626,35.7193,34.9187,1,-1,-1,-1
48,31,1020.05,482.785,20.7079,21.1443,1,-1,-1,-1
48,23,995.529,509.432,23.6838,22.6021,1,-1,-1,-1
48,12,1046.14,662.153,29.4915,29.0173,1,-1,-1,-1
48,11,887.94,657.322,29.3635,30.0049,1,-1,-1,-1
48,9,1119.16,748.936,33.6215,32.5948,1,-1,-1,-1
48,8,1073.48,605.046,26.7932,27.4023,1,-1,-1,-1
48,6,1146.42,837.614,35.1556,35.8617,1,-1,-1,-1
48,5,1109.9,724.614,30.9677,30.2388,1,-1,-1,-1
48,3,1104.12,682.538,30.1041,29.3544,1,-1,-1,-1
48,2,1047.98,885.736,39.2568,37.4434,1,-1,-1,-1
48,1,1017.04,801.764,35.2349,34.5717,1,-1,-1,-1
49,39,744.74,455.87,28.3892,28.0097,1,-1,-1,-1
49,17,835.222,689.916,28.1187,29.9668,1,-1,-1,-1
49,12,1046.28,662.769,29.5712,29.5541,1,-1,-1,-1
49,11,890.005,659.954,29.7564,29.7396,1,-1,-1,-1
49,9,1120.49,748.967,33.2844,32.5226,1,-1,-1,-1
49,8,1074.39,605.182,27.4821,27.2206,1,-1,-1,-1
49,6,1147.11,836.11,35.7449,35.8795,1,-1,-1,-1
49,5,1111.05,724.525,31.2552,30.5265,1,-1,-1,-1
49,3,1104.78,682.719,30.6273,29.2624,1,-1,-1,-1
49,2,1051.49,885.71,38.9951,37.2834,1,-1,-1,-1
49,1,1019.18,800.842,35.6293,34.7961,1,-1,-1,-1
50,42,838.563,792.234,33.3036,34.9591,1,-1,-1,-1
50,39,745.88,466.279,28.703,28.8619,1,-1,-1,-1
50,26,1040.73,514.031,21.8575,21.3259,1,-1,-1,-1
50,17,835.403,694.999,27.2328,23.7396,1,-1,-1,-1
50,12,1047.01,664.047,29.6696,30.1827,1,-1,-1,-1
50,11,894.971,662.42,28.2425,29.6282,1,-1,-1,-1
50,9,1122.32,749.037,33.8574,32.7896,1,-1,-1,-1
50,8,1077.46,605.779,27.2256,27.2009,1,-1,-1,-1
50,7,1025.41,546.744,24.6439,24.1767,1,-1,-1,-1
50,6,1148.89,834.525,35.6051,35.6168,1,-1,-1,-1
50,5,1112.71,724.705,31.0795,30.7006,1,-1,-1,-1
50,4,1102.7,664.554,28.9176,25.0828,1,-1,-1,-1
50,3,1107.06,682.701,30.1707,29.7224,1,-1,-1,-1
50,2,1054.6,886.212,38.7683,37.2784,1,-1,-1,-1
50,1,1022.67,800.445,34.071,34.8474,1,-1,-1,-1
51,43,1070.99,458.969,22.7755,25.5468,1,-1,-1,-1
51,42,841.272,792.572,32.3477,34.662,1,-1,-1,-1
51,32,995.909,476.26,28.3673,24.5095,1,-1,-1,-1
51,26,1042.24,513.924,21.2338,21.5261,1,-1,-1,-1
51,12,1047.91,666.196,30.3994,29.4668,1,-1,-1,-1
51,11,899.428,665.742,27.0716,29.5319,1,-1,-1,-1
51,9,1123.84,749.298,33.9448,32.8944,1,-1,-1,-1
51,8,1079.6,606.086,26.8917,27.0309,1,-1,-1,-1
51,7,1026.11,547.009,24.9827,24.1279,1,-1,-1,-1
51,6,1150.43,833.003,35.2078,36.0098,1,-1,-1,-1
51,5,1114.47,725.198,31.3458,30.4069,1,-1,-1,-1
51,4,1103.88,664.797,28.7937,25.9839,1,-1,-1,-1
51,3,1110.39,683.188,29.8583,29.8052,1,-1,-1,-1
51,2,1057.87,886.799,38.8827,37.1212,1,-1,-1,-1
51,1,1025.01,799.511,34.4969,35.0295,1,-1,-1,-1
52,43,1072.48,459.595,25.2318,25.3166,1,-1,-1,-1
52,12,1050.69,667.269,30.3656,29.7589,1,-1,-1,-1
52,11,901.177,667.579,30.124,30.3385,1,-1,-1,-1
52,9,1126.94,749.246,33.8778,32.6733,1,-1,-1,-1
52,8,1082.41,606.184,27.1383,27.7085,1,-1,-1,-1
52,7,1028.89,546.844,24.4856,24.6472,1,-1,-1,-1
52,6,1153.35,832.141,34.6443,35.1933,1,-1,-1,-1
52,5,1118.09,725.641,31.5978,30.0403,1,-1,-1,-1
52,4,1106.16,665.039,29.6543,26.4329,1,-1,-1,-1
52,3,1112.46,683.266,31.3768,30.3928,1,-1,-1,-1
52,2,1063.45,886.857,38.9202,37.1478,1,-1,-1,-1
52,1,1029.09,798.152,34.5557,35.2783,1,-1,-1,-1
53,44,803.211,480.781,44.1129,39.1684,1,-1,-1,-1
53,28,962.434,452.19,165.224,124.643,1,-1,-1,-1
53,12,1055.22,668.048,29.9147,30.0617,1,-1,-1,-1
53,11,906.968,669.189,30.1733,30.2001,1,-1,-1,-1
53,9,1131.6,750.265,32.8925,32.7999,1,-1,-1,-1
53,8,1086.35,606.431,27.4822,27.5462,1,-1,-1,-1
53,7,1031.56,546.721,24.6167,24.4341,1,-1,-1,-1
53,6,1156.47,831.26,34.4838,36.0866,1,-1,-1,-1
53,5,1122.6,725.972,31.0488,30.083,1,-1,-1,-1
53,4,1110.95,665.29,29.5031,26.6189,1,-1,-1,-1
53,3,1116.88,684.252,30.2802,29.404,1,-1,-1,-1
53,2,1068.96,887.149,38.5931,37.3636,1,-1,-1,-1
53,1,1033.64,797.767,35.4005,34.8441,1,-1,-1,-1
54,44,804.975,491.083,41.4928,38.9225,1,-1,-1,-1
54,28,961.613,446.644,169.8,130.766,1,-1,-1,-1
54,12,1058.39,669.598,30.0117,29.5369,1,-1,-1,-1
54,11,910.244,671.253,30.7626,30.1024,1,-1,-1,-1
54,9,1134.05,750.626,33.1283,32.5756,1,-1,-1,-1
54,8,1090.5,607.363,27.078,26.7255,1,-1,-1,-1
54,7,1033.28,546.596,24.5834,24.4005,1,-1,-1,-1
54,6,1157.21,830.745,36.1263,36.0754,1,-1,-1,-1
54,5,1125.08,726.469,30.4639,29.7537,1,-1,-1,-1
54,4,1113.28,665.928,29.0466,25.9194,1,-1,-1,-1
54,3,1120.76,684.104,30.6256,30.1133,1,-1,-1,-1
54,2,1072.8,887.56,39.4902,37.4925,1,-1,-1,-1
54,1,1037.06,796.996,34.9506,34.8302,1,-1,-1,-1
55,45,987.038,440.805,21.91,22.1323,1,-1,-1,-1
55,28,959.918,441.61,171.256,136.263,1,-1,-1,-1
55,12,1058.2,671.55,29.9552,29.094,1,-1,-1,-1
55,11,910.587,673.664,31.407,31.1413,1,-1,-1,-1
55,9,1133.95,751.463,32.9357,32.3597,1,-1,-1,-1
55,8,1090.69,608.298,26.9341,26.7236,1,-1,-1,-1
55,7,1032.56,547.31,24.9299,24.4761,1,-1,-1,-1
55,6,1157.03,830.94,35.6488,35.6728,1,-1,-1,-1
55,5,1125.12,727.353,30.2329,29.1837,1,-1,-1,-1
55,4,1113.16,667.035,28.9836,26.9042,1,-1,-1,-1
55,3,1120.51,685.131,30.9119,29.5507,1,-1,-1,-1
55,2,1074.47,888.907,38.8811,37.5999,1,-1,-1,-1
55,1,1037.71,796.914,34.5184,34.2108,1,-1,-1,-1
56,46,809.535,564.489,28.91,27.6189,1,-1,-1,-1
56,32,996.137,481.577,22.5317,20.7401,1,-1,-1,-1
56,31,1017.57,470.301,21.2272,21.1421,1,-1,-1,-1
56,12,1060.43,672.513,29.6344,28.7999,1,-1,-1,-1
56,11,914.797,676.621,30.1675,31.0112,1,-1,-1,-1
56,9,1135.41,751.915,33.5463,32.5968,1,-1,-1,-1
56,8,1092.05,608.511,27.0062,27.0798,1,-1,-1,-1
56,6,1157.92,829.842,35.291,35.0049,1,-1,-1,-1
56,5,1126.56,727.543,30.4875,29.4651,1,-1,-1,-1
56,3,1122.18,684.501,30.2897,30.1525,1,-1,-1,-1
56,2,1078.52,889.515,38.5146,37.5077,1,-1,-1,-1
56,1,1040.07,795.401,34.4152,34.1102,1,-1,-1,-1
57,47,816.487,543.053,26.2158,27.6828,1,-1,-1,-1
57,32,999.929,481.79,22.4286,20.6528,1,-1,-1,-1
57,31,1019.91,470.226,19.7547,20.2082,1,-1,-1,-1
57,12,1062.36,673.628,30.1523,29.116,1,-1,-1,-1
57,11,917.644,678.468,30.5807,30.6215,1,-1,-1,-1
57,9,1137.56,751.437,33.6244,32.8788,1,-1,-1,-1
57,8,1094.19,608.074,27.1893,27.132,1,-1,-1,-1
57,6,1159.47,828.712,35.8573,34.9596,1,-1,-1,-1
57,5,1127.94,727.059,31.463,29.2898,1,-1,-1,-1
57,3,1123.44,684.195,31.2151,30.1163,1,-1,-1,-1
57,2,1080.2,889.26,39.5422,37.5915,1,-1,-1,-1
57,1,1042.86,793.192,34.9302,35.0003,1,-1,-1,-1
58,45,978.931,449.04,21.9724,20.3873,1,-1,-1,-1
58,42,853.058,794.473,34.7108,33.9634,1,-1,-1,-1
58,32,1000.57,481.846,23.562,20.958,1,-1,-1,-1
58,31,1020.38,470.184,19.4464,19.7417,1,-1,-1,-1
58,12,1062.74,676.481,30.3585,29.6998,1,-1,-1,-1
58,11,918.112,680.276,30.7115,31.0594,1,-1,-1,-1
58,9,1137.25,751.977,34.0781,32.6165,1,-1,-1,-1
58,8,1094.34,608.686,27.4194,27.0191,1,-1,-1,-1
58,6,1158.1,828.089,36.1725,35.2885,1,-1,-1,-1
58,5,1129.31,727.506,30.6929,29.3808,1,-1,-1,-1
58,3,1123.5,684.52,31.111,29.8572,1,-1,-1,-1
58,2,1080.73,889.19,39.1084,37.4674,1,-1,-1,-1
58,1,1043.23,792.664,34.6581,34.9047,1,-1,-1,-1
59,45,975.812,455.97,22.2694,23.1294,1,-1,-1,-1
59,42,853.343,794.097,34.8655,33.9347,1,-1,-1,-1
59,31,1019.38,468.867,20.6433,20.2252,1,-1,-1,-1
59,12,1063.12,677.914,31.2451,30.1551,1,-1,-1,-1
59,11,919.392,682.343,30.3549,29.9317,1,-1,-1,-1
59,9,1137.59,752.176,33.5857,32.5437,1,-1,-1,-1
59,8,1094.27,608.711,27.4249,27.1818,1,-1,-1,-1
59,6,1157.66,827.294,35.0189,34.4359,1,-1,-1,-1
59,5,1129.3,727.666,31.2733,28.8867,1,-1,-1,-1
59,3,1123.49,684.733,31.192,29.6136,1,-1,-1,-1
59,2,1081.81,888.329,39.3552,37.6041,1,-1,-1,-1
59,1,1044.53,791.184,34.0717,34.3202,1,-1,-1,-1
60,32,1006.33,482.001,22.7756,21.2624,1,-1,-1,-1
60,12,1066.41,678.58,30.4651,30.6531,1,-1,-1,-1
60,11,921.283,683.751,30.6393,30.6644,1,-1,-1,-1
60,9,1139.78,751.501,33.4327,32.9274,1,-1,-1,-1
60,8,1095.21,608.233,27.5785,26.9124,1,-1,-1,-1
60,6,1157.75,825.234,35.2285,35.3727,1,-1,-1,-1
60,5,1129.96,727.167,31.2672,29.0256,1,-1,-1,-1
60,3,1125.18,684.341,30.2954,29.4723,1,-1,-1,-1
60,2,1082.42,886.668,39.6824,37.0245,1,-1,-1,-1
60,1,1045.76,789.374,33.8535,33.8443,1,-1,-1,-1
61,48,859.986,600.344,31.5505,38.6049,1,-1,-1,-1
61,42,854.981,794.159,33.6885,33.5626,1,-1,-1,-1
61,32,1008.41,482.331,21.8691,21.0589,1,-1,-1,-1
61,12,1067.81,679.985,30.0178,30.5939,1,-1,-1,-1
61,11,922.983,685.493,30.5729,30.8608,1,-1,-1,-1
61,9,1140.61,751.663,33.0311,32.8853,1,-1,-1,-1
61,8,1095.52,608.484,27.4155,27.1779,1,-1,-1,-1
61,6,1157.45,824.992,35.3516,35.013,1,-1,-1,-1
61,5,1130.7,727.553,30.9937,29.2724,1,-1,-1,-1
61,3,1125.61,684.21,30.2698,29.6841,1,-1,-1,-1
61,2,1083.42,886.376,38.973,36.7493,1,-1,-1,-1
61,1,1046.31,787.998,34.2346,33.8597,1,-1,-1,-1
62,50,859.637,566.211,32.3526,36.3296,1,-1,-1,-1
62,49,967.134,492.683,23.5341,23.2785,1,-1,-1,-1
62,42,855.137,794.389,33.7732,33.2757,1,-1,-1,-1
62,32,1009.99,482.47,22.0317,21.0413,1,-1,-1,-1
62,12,1068.44,681.511,30.0729,30.1693,1,-1,-1,-1
62,11,924.976,688.276,30.2914,30.8343,1,-1,-1,-1
62,9,1140.67,751.575,32.9583,32.5844,1,-1,-1,-1
62,8,1095.8,608.587,27.5178,26.9494,1,-1,-1,-1
62,6,1156.57,823.559,35.6029,34.2254,1,-1,-1,-1
62,5,1130.93,727.389,30.993,29.0817,1,-1,-1,-1
62,3,1126.07,684.568,29.9509,29.7544,1,-1,-1,-1
62,2,1082.76,884.785,39.6544,37.5047,1,-1,-1,-1
62,1,1046.76,786.659,34.3907,33.4348,1,-1,-1,-1
63,51,860.43,533.991,32.1541,34.7149,1,-1,-1,-1
63,42,855.087,793.448,33.8101,33.6885,1,-1,-1,-1
63,32,1010.84,481.924,22.1318,21.1392,1,-1,-1,-1
63,12,1068.36,681.808,30.7722,30.4025,1,-1,-1,-1
63,11,925.785,689.547,29.8886,31.098,1,-1,-1,-1
63,9,1140.43,751.001,33.2371,32.9437,1,-1,-1,-1
63,8,1095.43,607.98,27.5066,26.851,1,-1,-1,-1
63,6,1155.28,822.593,35.3311,33.9489,1,-1,-1,-1
63,5,1130.74,726.71,30.9091,29.29,1,-1,-1,-1
63,3,1125.46,684.027,30.4777,29.794,1,-1,-1,-1
63,2,1082.53,883.488,39.8297,37.4127,1,-1,-1,-1
63,1,1047.05,784.583,33.9802,33.8201,1,-1,-1,-1
64,42,855.716,794.99,32.7281,31.7965,1,-1,-1,-1
64,32,1011.92,482.037,22.877,21.2613,1,-1,-1,-1
64,12,1068.81,682.702,30.8134,30.4538,1,-1,-1,-1
64,11,926.541,691.221,30.0026,31.1751,1,-1,-1,-1
64,9,1140.33,751.084,32.8391,32.4927,1,-1,-1,-1
64,8,1095.28,607.575,27.625,26.7177,1,-1,-1,-1
64,6,1154.23,822.141,34.762,34.0584,1,-1,-1,-1
64,5,1130.13,726.457,31.1567,29.5187,1,-1,-1,-1
64,3,1125.01,684.097,30.6827,28.7629,1,-1,-1,-1
64,2,1082.57,882.738,38.5332,37.5203,1,-1,-1,-1
64,1,1047.23,783.291,33.4684,33.4908,1,-1,-1,-1
65,52,863.411,484.311,31.3743,33.0382,1,-1,-1,-1
65,28,794.686,447.682,334.106,125.046,1,-1,-1,-1
65,12,1069.17,683.469,30.9503,30.4695,1,-1,-1,-1
65,11,927.071,693.161,30.1269,31.0467,1,-1,-1,-1
65,9,1139.84,750.986,33.552,33.2139,1,-1,-1,-1
65,8,1095.23,607.484,27.3757,26.8138,1,-1,-1,-1
65,6,1152.64,821.417,35.5714,34.0565,1,-1,-1,-1
65,5,1130.39,726.483,30.9235,29.6695,1,-1,-1,-1
65,3,1125.02,683.482,30.3712,29.4881,1,-1,-1,-1
65,2,1082.52,881.322,38.3838,37.8432,1,-1,-1,-1
65,1,1047.11,781.837,34.3704,34.2123,1,-1,-1,-1
66,52,865.702,464.209,30.4945,33.2095,1,-1,-1,-1
66,12,1069.91,683.767,31.3096,30.8053,1,-1,-1,-1
66,11,927.977,693.969,30.7928,31.6075,1,-1,-1,-1
66,9,1140.28,750.538,33.0039,32.9128,1,-1,-1,-1
66,8,1095.28,607.141,27.5735,26.6459,1,-1,-1,-1
66,6,1151.66,819.942,36.3759,34.0303,1,-1,-1,-1
66,5,1130.35,725.919,31.0051,29.8366,1,-1,-1,-1
66,3,1125.5,683.401,29.9929,29.4301,1,-1,-1,-1
66,2,1082.55,880.045,38.6327,38.152,1,-1,-1,-1
66,1,1047.82,779.679,34.5051,34.1242,1,-1,-1,-1
67,52,867.392,450.126,30.8591,31.9097,1,-1,-1,-1
67,12,1070.94,683.927,30.5077,30.4283,1,-1,-1,-1
67,11,929.095,695.593,30.8175,32.0955,1,-1,-1,-1
67,8,1095.65,605.892,27.5148,27.2407,1,-1,-1,-1
67,6,1150.53,818.865,35.3676,33.6518,1,-1,-1,-1
67,5,1130.53,725.048,31.3193,29.8224,1,-1,-1,-1
67,3,1125.25,682.68,30.7656,29.2591,1,-1,-1,-1
67,2,1082.62,878.33,38.5376,37.6243,1,-1,-1,-1
67,1,1048.8,777.411,34.1359,33.8563,1,-1,-1,-1
68,52,870.658,439.938,30.2319,32.4526,1,-1,-1,-1
68,32,1017.86,480.998,21.5581,21.0217,1,-1,-1,-1
68,12,1071.23,684.324,30.5172,30.4778,1,-1,-1,-1
68,11,929.998,697.453,30.9287,31.4769,1,-1,-1,-1
68,9,1140.68,748.942,32.2373,31.9001,1,-1,-1,-1
68,8,1094.93,605.147,28.1469,27.0162,1,-1,-1,-1
68,7,1033.06,546.177,24.5603,24.5518,1,-1,-1,-1
68,6,1149.24,818.309,35.2891,33.4066,1,-1,-1,-1
68,5,1130.48,724.084,30.946,30.4241,1,-1,-1,-1
68,3,1125.12,682.314,30.1088,28.9476,1,-1,-1,-1
68,2,1082.41,876.295,38.541,37.4366,1,-1,-1,-1
68,1,1049.55,776.069,33.9756,33.629,1,-1,-1,-1
69,53,1043.37,489.597,23.8329,22.1474,1,-1,-1,-1
69,52,873.578,434.747,29.6511,29.5831,1,-1,-1,-1
69,32,1018.57,481.711,21.3782,20.456,1,-1,-1,-1
69,12,1071.35,685.327,31.0117,30.5626,1,-1,-1,-1
69,11,929.81,699.794,31.7295,31.4053,1,-1,-1,-1
69,8,1094.71,605.381,27.8491,27.0819,1,-1,-1,-1
69,7,1032.89,546.419,24.4069,24.3828,1,-1,-1,-1
69,6,1146.81,818.349,36.5862,33.7686,1,-1,-1,-1
69,5,1130,724.365,30.8475,30.3633,1,-1,-1,-1
69,3,1124.66,682.25,30.0452,29.0026,1,-1,-1,-1
69,2,1081.13,875.954,38.9847,37.4922,1,-1,-1,-1
69,1,1049.89,775.854,34.4318,33.278,1,-1,-1,-1
70,54,967.6,467.266,21.2316,21.0099,1,-1,-1,-1
70,53,1042.72,489.515,23.5616,22.4998,1,-1,-1,-1
70,52,876.136,433.637,30.4867,28.9129,1,-1,-1,-1
70,32,1019.31,481.726,21.123,20.2559,1,-1,-1,-1
70,12,1071.4,686.685,31.071,30.8569,1,-1,-1,-1
70,11,930.456,700.687,31.0789,31.6526,1,-1,-1,-1
70,8,1094.26,605.016,27.3475,27.1791,1,-1,-1,-1
70,7,1032.36,546.465,24.4764,24.2524,1,-1,-1,-1
70,6,1145.78,818.419,35.2845,33.4575,1,-1,-1,-1
70,5,1129.77,724.183,30.5555,30.3104,1,-1,-1,-1
70,3,1124.25,681.971,30.5387,29.042,1,-1,-1,-1
70,2,1080.62,875.04,38.4573,37.005,1,-1,-1,-1
70,1,1050.67,774.754,34.0098,33.6455,1,-1,-1,-1
71,54,967.815,467.599,21.5452,21.4074,1,-1,-1,-1
71,53,1042.09,490.003,23.7517,22.5404,1,-1,-1,-1
71,52,877.557,437.532,31.3074,25.993,1,-1,-1,-1
71,32,1019.9,482.083,21.9826,20.3738,1,-1,-1,-1
71,12,1071.92,687.822,31.1047,30.5679,1,-1,-1,-1
71,11,931.172,702.337,31.5789,31.5551,1,-1,-1,-1
71,8,1094.13,605.236,27.5414,27.0923,1,-1,-1,-1
71,7,1032.36,546.63,24.5305,24.2217,1,-1,-1,-1
71,6,1144.48,818.595,34.6888,33.1129,1,-1,-1,-1
71,5,1129.31,724.576,30.9435,30.2601,1,-1,-1,-1
71,3,1124.21,681.943,30.5337,29.2793,1,-1,-1,-1
71,2,1080.32,874.386,38.3618,37.122,1,-1,-1,-1
71,1,1052.57,774.298,33.8984,33.6213,1,-1,-1,-1
72,53,1043.12,491.557,22.116,21.0795,1,-1,-1,-1
72,52,884.983,444.78,28.4802,26.4618,1,-1,-1,-1
72,12,1072.22,688.865,31.6469,30.7151,1,-1,-1,-1
72,11,932.183,704.234,31.6556,31.9308,1,-1,-1,-1
72,8,1094.11,605.421,27.4115,26.9108,1,-1,-1,-1
72,7,1032.52,546.841,24.3,24.1509,1,-1,-1,-1
72,6,1143.52,819.138,35.0452,33.5569,1,-1,-1,-1
72,5,1129.16,724.722,30.9332,30.3302,1,-1,-1,-1
72,3,1123.97,682.217,30.9689,29.1818,1,-1,-1,-1
72,2,1079.95,874.2,38.507,37.0463,1,-1,-1,-1
72,1,1053.99,774.375,34.4008,33.3978,1,-1,-1,-1
73,53,1042.3,492.151,21.9275,21.1562,1,-1,-1,-1
73,52,888.626,456.983,27.6539,26.4986,1,-1,-1,-1
73,12,1072.45,689.731,31.9017,30.8372,1,-1,-1,-1
73,11,932.383,705.8,31.9693,31.8173,1,-1,-1,-1
73,8,1093.5,605.938,27.3033,26.8008,1,-1,-1,-1
73,7,1032.35,547.098,24.5402,24.3074,1,-1,-1,-1
73,6,1142.58,819.555,34.8335,33.7114,1,-1,-1,-1
73,5,1128,724.982,30.8898,30.2664,1,-1,-1,-1
73,3,1123.79,682.368,30.8588,29.2412,1,-1,-1,-1
73,2,1079.59,874.271,37.9171,36.7663,1,-1,-1,-1
73,1,1055.57,774.31,34.0037,33.264,1,-1,-1,-1
74,12,1073.28,690.991,31.4308,30.1679,1,-1,-1,-1
74,11,932.704,707.762,32.4539,32.2357,1,-1,-1,-1
74,8,1093.95,605.914,27.2122,27.0217,1,-1,-1,-1
74,7,1032.46,547.24,24.5176,24.2657,1,-1,-1,-1
74,6,1141.19,820.192,35.5022,34.2166,1,-1,-1,-1
74,5,1127.94,725.453,31.3762,30.1367,1,-1,-1,-1
74,3,1123.45,682.891,31.3124,28.8396,1,-1,-1,-1
74,2,1079.2,874.266,38.1086,36.9536,1,-1,-1,-1
74,1,1057.01,774.182,34.3948,33.1953,1,-1,-1,-1
75,56,812.858,522.979,23.3491,21.7903,1,-1,-1,-1
75,55,897.112,489.271,27.7548,27.5037,1,-1,-1,-1
75,54,968.869,468.371,22.77,22.0333,1,-1,-1,-1
75,12,1072.69,693.285,31.52,29.0962,1,-1,-1,-1
75,11,932.684,709.896,32.3591,32.1108,1,-1,-1,-1
75,9,1136.41,750.549,33.8492,33.2679,1,-1,-1,-1
75,8,1092.88,606.751,27.2405,27.0367,1,-1,-1,-1
75,7,1031.89,547.738,24.7618,24.6085,1,-1,-1,-1
75,6,1138.67,820.964,36.2714,34.6206,1,-1,-1,-1
75,5,1126.76,725.977,31.5632,30.052,1,-1,-1,-1
75,4,1116.43,665.521,27.9552,26.3624,1,-1,-1,-1
75,3,1122.84,683.152,31.2611,29.2474,1,-1,-1,-1
75,2,1078.19,874.409,37.7594,36.9805,1,-1,-1,-1
75,1,1057.47,774.224,34.6097,33.4211,1,-1,-1,-1
76,57,901.921,509.756,27.7924,30.0497,1,-1,-1,-1
76,56,814.343,523.758,22.8758,20.8494,1,-1,-1,-1
76,12,1073.23,693.534,31.8146,29.2033,1,-1,-1,-1
76,11,934.518,710.493,32.3185,31.735,1,-1,-1,-1
76,9,1136.59,749.274,33.9084,32.5226,1,-1,-1,-1
76,8,1093.1,605.811,27.1438,27.3547,1,-1,-1,-1
76,7,1032.02,547.292,24.6034,24.679,1,-1,-1,-1
76,6,1138.04,820.469,36.376,34.6442,1,-1,-1,-1
76,5,1127.05,725.262,31.7361,30.2717,1,-1,-1,-1
76,3,1123.15,682.035,31.1,29.9065,1,-1,-1,-1
76,2,1077.72,873.511,37.744,37.0894,1,-1,-1,-1
76,1,1059.2,772.768,34.802,33.4484,1,-1,-1,-1
77,58,907.763,533.427,27.2287,30.3333,1,-1,-1,-1
77,12,1074.16,693.728,31.38,29.4678,1,-1,-1,-1
77,11,935.298,711.049,32.2384,31.8616,1,-1,-1,-1
77,9,1136.71,748.872,33.9679,32.3914,1,-1,-1,-1
77,8,1093.3,605.175,26.8983,27.2701,1,-1,-1,-1
77,7,1032.33,546.948,24.4022,24.2833,1,-1,-1,-1
77,6,1136.6,820.248,36.0891,35.0924,1,-1,-1,-1
77,5,1127.12,724.645,31.4575,30.5082,1,-1,-1,-1
77,4,1116.69,664.169,28.8481,26.216,1,-1,-1,-1
77,3,1123.16,681.931,31.7772,29.5189,1,-1,-1,-1
77,2,1077.41,873.231,37.957,37.4313,1,-1,-1,-1
77,1,1060.65,771.749,35.0516,33.6836,1,-1,-1,-1
78,28,779.405,447.442,356.631,150.953,1,-1,-1,-1
78,12,1075.02,693.99,31.5032,29.6252,1,-1,-1,-1
78,11,936.415,711.617,31.9587,31.8501,1,-1,-1,-1
78,9,1136.64,748.607,34.032,32.4382,1,-1,-1,-1
78,8,1093.05,604.632,27.2777,27.5753,1,-1,-1,-1
78,7,1032.54,546.552,24.3395,24.2689,1,-1,-1,-1
78,6,1135.56,820.484,36.6577,34.8846,1,-1,-1,-1
78,5,1127.11,723.857,31.5643,30.9852,1,-1,-1,-1
78,4,1116.73,663.863,29.6139,26.2764,1,-1,-1,-1
78,3,1122.97,681.664,31.5043,29.5801,1,-1,-1,-1
78,2,1076.35,872.927,38.3757,37.54,1,-1,-1,-1
78,1,1062.52,771.015,35.7279,34.1279,1,-1,-1,-1
79,28,777.856,445.547,368.096,178.326,1,-1,-1,-1
79,12,1075.16,694.649,31.3784,29.9825,1,-1,-1,-1
79,11,936.738,712.539,31.9945,31.7877,1,-1,-1,-1
79,9,1136.28,748.33,33.6235,32.4467,1,-1,-1,-1
79,8,1092.76,604.473,26.9799,27.594,1,-1,-1,-1
79,7,1032.63,546.448,24.1483,24.3249,1,-1,-1,-1
79,6,1134.54,820.971,36.8181,34.7732,1,-1,-1,-1
79,5,1127.03,723.89,31.1477,30.486,1,-1,-1,-1
79,4,1116.15,663.81,29.8223,26.3528,1,-1,-1,-1
79,3,1122.72,681.204,31.2339,30.0026,1,-1,-1,-1
79,2,1075.09,872.884,37.7037,37.5143,1,-1,-1,-1
79,1,1063.85,770.286,34.8864,33.4286,1,-1,-1,-1
80,28,777.238,444.62,367.309,182.647,1,-1,-1,-1
80,12,1076.44,695.513,30.598,29.9866,1,-1,-1,-1
80,11,937.737,713.658,31.5274,31.6039,1,-1,-1,-1
80,9,1136.04,748.164,34.1133,32.503,1,-1,-1,-1
80,8,1092.39,604.376,27.0742,27.479,1,-1,-1,-1
80,7,1032.57,546.365,24.5729,23.9312,1,-1,-1,-1
80,6,1133.77,821.998,36.3094,35.0443,1,-1,-1,-1
80,5,1126.45,723.597,31.6752,30.7905,1,-1,-1,-1
80,4,1116.01,663.86,29.0686,26.0806,1,-1,-1,-1
80,3,1122.66,681.39,31.1111,29.7228,1,-1,-1,-1
80,2,1074.04,872.788,37.8378,37.6248,1,-1,-1,-1
80,1,1066.22,770.009,34.1216,33.131,1,-1,-1,-1
81,12,1077.46,696.212,30.257,30.715,1,-1,-1,-1
81,11,938.812,714.703,31.3822,32.119,1,-1,-1,-1
81,9,1136.43,748.463,33.8315,32.1752,1,-1,-1,-1
81,8,1092.76,604.448,27.353,27.6708,1,-1,-1,-1
81,7,1033.16,546.235,24.6516,24.2501,1,-1,-1,-1
81,6,1133.67,822.944,36.4259,35.132,1,-1,-1,-1
81,5,1126.92,723.661,31.6384,30.9722,1,-1,-1,-1
81,4,1116.61,663.813,28.7965,26.0417,1,-1,-1,-1
81,3,1122.93,681.42,30.8325,29.6203,1,-1,-1,-1
81,2,1073.95,872.908,37.9386,37.6846,1,-1,-1,-1
81,1,1068.54,769.964,34.187,33.1218,1,-1,-1,-1
82,56,823.648,522.701,22.8049,21.8989,1,-1,-1,-1
82,12,1078.12,698.236,30.5415,30.7171,1,-1,-1,-1
82,11,939.102,716.042,31.2777,32.4648,1,-1,-1,-1
82,9,1136.42,748.785,33.9316,32.1282,1,-1,-1,-1
82,8,1092.98,605.116,27.2228,27.1849,1,-1,-1,-1
82,7,1033.68,546.736,24.7181,24.1879,1,-1,-1,-1
82,6,1133.5,824.71,36.3141,35.358,1,-1,-1,-1
82,5,1126.97,724.671,31.4613,30.039,1,-1,-1,-1
82,4,1116.64,664.443,28.5499,25.6817,1,-1,-1,-1
82,3,1122.8,682.05,31.0541,29.4146,1,-1,-1,-1
82,2,1073.3,873.206,37.5752,37.5831,1,-1,-1,-1
82,1,1069.97,769.887,34.0514,33.3701,1,-1,-1,-1
83,60,1201.32,857.796,52.9954,68.4324,1,-1,-1,-1
83,59,1139.89,861.186,71.0569,88.7378,1,-1,-1,-1
83,56,825.984,523.569,22.1696,21.2344,1,-1,-1,-1
83,28,794.581,443.227,351.99,188.909,1,-1,-1,-1
83,12,1079.43,698.769,30.6469,30.3668,1,-1,-1,-1
83,11,939.586,716.933,32.0192,32.6495,1,-1,-1,-1
83,9,1136.98,748.948,33.6521,32.3548,1,-1,-1,-1
83,8,1093.52,605.216,26.827,27.0085,1,-1,-1,-1
83,6,1133.94,825.584,36.4508,36.072,1,-1,-1,-1
83,5,1127.68,724.706,31.498,30.171,1,-1,-1,-1
83,4,1117.17,664.592,28.1738,25.8177,1,-1,-1,-1
83,3,1123.28,682.43,31.0146,29.3533,1,-1,-1,-1
83,2,1073.21,873.299,38.0977,37.7584,1,-1,-1,-1
83,1,1071.59,769.69,34.3584,33.196,1,-1,-1,-1
84,61,1175.22,789.402,53.9022,59.9523,1,-1,-1,-1
84,12,1080.51,699.494,31.3345,30.6155,1,-1,-1,-1
84,11,939.898,718.327,32.3947,32.6419,1,-1,-1,-1
84,9,1137.25,749.225,34.0271,32.3932,1,-1,-1,-1
84,8,1094.14,605.383,27.0389,27.1093,1,-1,-1,-1
84,6,1115.12,788.73,62.2357,72.1787,1,-1,-1,-1
84,5,1129.15,724.415,31.3109,30.2502,1,-1,-1,-1
84,3,1123.55,682.481,31.1083,29.2964,1,-1,-1,-1
84,2,1073.19,873.036,37.908,37.9755,1,-1,-1,-1
84,1,1072.47,769.447,34.7704,33.6427,1,-1,-1,-1
85,62,1094.11,736.848,53.5371,55.805,1,-1,-1,-1
85,12,1081.43,699.115,31.6487,30.2363,1,-1,-1,-1
85,11,940.286,718.642,31.8268,32.3245,1,-1,-1,-1
85,9,1146.68,737.427,54.3824,51.2933,1,-1,-1,-1
85,8,1094.2,605.323,26.8239,26.5375,1,-1,-1,-1
85,7,1037.54,546.758,24.5421,24.1689,1,-1,-1,-1
85,6,1134.41,827.388,36.2822,34.9072,1,-1,-1,-1
85,3,1123.56,682.596,31.0204,28.7614,1,-1,-1,-1
85,2,1073.46,872.531,37.9711,37.7407,1,-1,-1,-1
85,1,1073.58,769.103,32.0995,32.1958,1,-1,-1,-1
86,12,1075.09,692.872,50.7866,47.6241,1,-1,-1,-1
86,11,940.601,718.758,31.7801,32.2111,1,-1,-1,-1
86,9,1137.86,747.692,33.1243,31.7134,1,-1,-1,-1
86,8,1094.64,604.033,27.0764,27.7017,1,-1,-1,-1
86,7,1038.76,546.413,24.076,24.1,1,-1,-1,-1
86,6,1134.49,827.348,36.6539,35.3133,1,-1,-1,-1
86,5,1127.36,697.691,50.6981,53.8022,1,-1,-1,-1
86,2,1073.84,871.44,38.2577,37.8285,1,-1,-1,-1
86,1,1075.02,767.167,34.3027,32.5325,1,-1,-1,-1
87,64,882.415,1033.42,58.1401,44.3413,1,-1,-1,-1
87,63,1056.66,665.051,48.0212,43.5419,1,-1,-1,-1
87,12,1082.42,699.852,30.6593,29.0001,1,-1,-1,-1
87,11,943.333,719.991,28.3904,30.4611,1,-1,-1,-1
87,9,1136.49,747.913,34.2074,32.6069,1,-1,-1,-1
87,8,1093.42,604.021,26.8998,28.162,1,-1,-1,-1
87,7,1037.9,546.281,24.3888,24.1071,1,-1,-1,-1
87,6,1134.15,828.28,36.556,35.2819,1,-1,-1,-1
87,5,1127.14,723.443,31.2072,30.1144,1,-1,-1,-1
87,3,1111.54,670.095,45.937,43.6996,1,-1,-1,-1
87,2,1073.62,871.529,37.8676,37.3713,1,-1,-1,-1
87,1,1074.26,765.843,34.876,32.7891,1,-1,-1,-1
88,64,867.655,1021.28,59.5362,55.819,1,-1,-1,-1
88,63,1045.3,647.806,42.9375,41.1719,1,-1,-1,-1
88,12,1083.62,698.298,32.1779,30.9445,1,-1,-1,-1
88,9,1136.68,747.889,33.967,32.3022,1,-1,-1,-1
88,8,1093.73,603.437,27.0045,28.772,1,-1,-1,-1
88,7,1038.7,546.394,24.3948,24.1116,1,-1,-1,-1
88,6,1135.65,829.11,35.4174,35.1756,1,-1,-1,-1
88,5,1127.55,722.927,31.317,30.6386,1,-1,-1,-1
88,4,1097.12,654.199,44.4036,38.3298,1,-1,-1,-1
88,3,1123.01,680.398,30.6113,30.4866,1,-1,-1,-1
88,2,1074.05,871.496,37.9801,36.9814,1,-1,-1,-1
88,1,1074.55,764.885,34.5808,33.108,1,-1,-1,-1
89,64,858.978,1011.33,69.4553,65.5975,1,-1,-1,-1
89,63,1035.02,637.319,38.9608,36.9388,1,-1,-1,-1
89,12,1084.36,698.349,31.9036,30.7408,1,-1,-1,-1
89,11,939.524,721.516,32.5325,31.7545,1,-1,-1,-1
89,8,1094.37,603.509,26.4418,28.139,1,-1,-1,-1
89,7,1040.12,546.159,23.9148,24.4767,1,-1,-1,-1
89,6,1135.82,829.603,36.6873,35.6157,1,-1,-1,-1
89,4,1085.13,644.945,37.5923,33.915,1,-1,-1,-1
89,3,1123.25,681.254,30.7207,29.5643,1,-1,-1,-1
89,2,1074.41,871.512,38.2345,36.8168,1,-1,-1,-1
89,1,1076.11,764.505,33.1202,32.0573,1,-1,-1,-1
90,65,881.405,534.514,36.739,38.2253,1,-1,-1,-1
90,64,857.03,1005.34,75.249,67.6946,1,-1,-1,-1
90,63,1026.19,633.294,36.105,33.5304,1,-1,-1,-1
90,12,1086.44,698.338,31.1786,30.5793,1,-1,-1,-1
90,11,938.838,721.719,33.5545,32.2075,1,-1,-1,-1
90,8,1094.39,603.773,26.7461,27.8914,1,-1,-1,-1
90,7,1040.61,546.525,23.6324,24.2803,1,-1,-1,-1
90,6,1137.7,829.69,36.6923,35.7557,1,-1,-1,-1
90,4,1075.44,639.793,34.5502,31.4798,1,-1,-1,-1
90,3,1123.29,680.901,30.6989,29.9235,1,-1,-1,-1
90,2,1074.83,871.371,38.0055,37.1263,1,-1,-1,-1
90,1,1076.13,763.681,33.9778,32.7471,1,-1,-1,-1
91,65,882.278,534.411,41.3293,41.1373,1,-1,-1,-1
91,64,862.296,999.836,80.8744,70.5663,1,-1,-1,-1
91,63,1018.45,632.4,33.3761,31.5165,1,-1,-1,-1
91,12,1087.73,697.921,30.6777,30.2874,1,-1,-1,-1
91,11,939.734,721.865,32.5605,32.0908,1,-1,-1,-1
91,8,1094.88,603.371,27.0664,27.7798,1,-1,-1,-1
91,7,1040.92,546.097,24.7955,24.469,1,-1,-1,-1
91,6,1139.51,829.663,36.1544,35.6746,1,-1,-1,-1
91,4,1067.82,639.112,31.1125,29.6379,1,-1,-1,-1
91,3,1123.61,680.328,30.5984,30.178,1,-1,-1,-1
91,2,1075.27,871.39,37.5862,36.689,1,-1,-1,-1
91,1,1076.41,762.407,34.1229,33.179,1,-1,-1,-1
92,65,876.678,543.305,40.3771,38.6485,1,-1,-1,-1
92,64,879.411,987.628,78.8861,81.9843,1,-1,-1,-1
92,63,1013.17,636.173,29.2987,28.1949,1,-1,-1,-1
92,11,939.058,722.635,32.452,31.3476,1,-1,-1,-1
92,8,1094.71,603.15,26.6522,27.9479,1,-1,-1,-1
92,7,1041.95,545.877,24.0144,24.4595,1,-1,-1,-1
92,6,1141.08,829.636,35.9332,35.6051,1,-1,-1,-1
92,4,1060.03,642.509,28.7158,28.7052,1,-1,-1,-1
92,3,1123.73,680.847,31.1975,29.6473,1,-1,-1,-1
92,2,1074.28,871.409,38.1687,37.1329,1,-1,-1,-1
92,1,1076.65,761.802,33.6365,33.633,1,-1,-1,-1
93,66,1056.91,606.771,28.6677,34.6934,1,-1,-1,-1
93,65,874.799,559.898,32.496,34.6115,1,-1,-1,-1
93,64,904.362,960.339,78.1068,102.3,1,-1,-1,-1
93,63,1006.92,623.116,28.0284,34.2064,1,-1,-1,-1
93,12,1085.9,696.674,31.4075,30.8336,1,-1,-1,-1
93,11,940.637,725.241,30.49,30.6862,1,-1,-1,-1
93,9,1137.87,748.081,33.2701,32.2044,1,-1,-1,-1
93,8,1094.6,603.491,26.5764,27.7629,1,-1,-1,-1
93,7,1042.21,545.974,24.1036,24.6622,1,-1,-1,-1
93,6,1141.58,829.466,36.3745,35.6985,1,-1,-1,-1
93,5,1128.19,722.966,31.2189,30.4737,1,-1,-1,-1
93,3,1123.5,681.245,31.1454,29.6509,1,-1,-1,-1
93,2,1074.1,871.738,38.0892,37.0998,1,-1,-1,-1
93,1,1075.92,761.648,34.1223,33.8591,1,-1,-1,-1
94,69,949.619,930.559,50.027,36.9949,1,-1,-1,-1
94,68,1054.54,572.214,26.9366,31.2754,1,-1,-1,-1
94,67,1004.23,589.884,28.1016,32.501,1,-1,-1,-1
94,64,944.303,962.282,67.696,70.6433,1,-1,-1,-1
94,12,1084.55,696.202,32.1879,30.8676,1,-1,-1,-1
94,9,1139.11,747.908,33.0038,32.2697,1,-1,-1,-1
94,8,1094.67,603.16,26.7671,27.6801,1,-1,-1,-1
94,7,1044.01,545.55,23.486,24.6209,1,-1,-1,-1
94,6,1142.92,828.41,35.5718,35.2641,1,-1,-1,-1
94,5,1129.7,722.761,30.8293,30.6082,1,-1,-1,-1
94,3,1123.92,680.723,31.6442,29.6059,1,-1,-1,-1
94,2,1074.1,871.704,38.1183,37.0377,1,-1,-1,-1
94,1,1076.1,761.036,33.7257,33.6351,1,-1,-1,-1
95,72,972.062,900.494,49.7214,37.1845,1,-1,-1,-1
95,71,998.6,561.113,27.7786,31.7086,1,-1,-1,-1
95,70,970.299,930.444,74.4723,74.3324,1,-1,-1,-1
95,12,1084.02,697.204,32.3955,31.0338,1,-1,-1,-1
95,9,1137.89,748.656,33.3685,31.9328,1,-1,-1,-1
95,8,1094.56,604.048,27.1632,28.1086,1,-1,-1,-1
95,7,1046.44,545.02,32.3859,28.5067,1,-1,-1,-1
95,6,1142.52,828.292,35.4863,35.2709,1,-1,-1,-1
95,5,1129.39,724.017,31.0844,29.8781,1,-1,-1,-1
95,3,1123.86,681.704,31.5829,29.6739,1,-1,-1,-1
95,2,1073.65,872.657,38.1224,37.2686,1,-1,-1,-1
95,1,1075.53,761.76,34.0377,33.4296,1,-1,-1,-1
96,74,998.06,545.529,24.9548,22.2272,1,-1,-1,-1
96,73,1039.07,459.812,94.3418,110.093,1,-1,-1,-1
96,70,987.634,874.287,80.2691,103.064,1,-1,-1,-1
96,12,1083.84,697.375,32.4139,30.8636,1,-1,-1,-1
96,9,1137.87,748.837,33.2084,32.0175,1,-1,-1,-1
96,8,1094.64,604.457,26.9615,27.2533,1,-1,-1,-1
96,6,1142.45,827.094,35.3632,35.4169,1,-1,-1,-1
96,5,1129.54,723.945,31.0039,30.1382,1,-1,-1,-1
96,3,1123.96,681.886,31.2848,29.5883,1,-1,-1,-1
96,2,1073.96,872.702,38.0731,37.6542,1,-1,-1,-1
96,1,1075.12,761.473,34.0786,33.6938,1,-1,-1,-1
97,75,1003.31,528.491,28.553,27.6291,1,-1,-1,-1
97,70,1014.34,840.969,67.8571,94.2215,1,-1,-1,-1
97,12,1084.5,696.07,31.9792,30.0168,1,-1,-1,-1
97,9,1140.1,748.237,32.1368,31.6539,1,-1,-1,-1
97,8,1095.4,603.49,27.2194,27.4211,1,-1,-1,-1
97,7,1043.97,545.714,24.9896,24.6604,1,-1,-1,-1
97,6,1142.82,825.815,35.0641,35.3403,1,-1,-1,-1
97,5,1130.52,723.057,30.6204,30.3801,1,-1,-1,-1
97,3,1124.92,681.112,30.5649,29.2179,1,-1,-1,-1
97,2,1078.83,872.303,33.4784,36.3987,1,-1,-1,-1
97,1,1075.23,759.983,33.9833,33.4883,1,-1,-1,-1
98,76,974.719,572.46,25.6876,24.4461,1,-1,-1,-1
98,75,1006.8,522.55,28.0581,27.1136,1,-1,-1,-1
98,70,1038.69,807.097,61.5179,74.5391,1,-1,-1,-1
98,12,1083.87,695.909,31.8302,30.0721,1,-1,-1,-1
98,9,1139.38,747.731,32.4279,32.237,1,-1,-1,-1
98,8,1095.06,603.473,27.2557,27.3692,1,-1,-1,-1
98,7,1044.36,545.893,24.5446,24.3445,1,-1,-1,-1
98,6,1142,825.46,35.7559,35.6447,1,-1,-1,-1
98,5,1129.96,722.573,30.4929,30.6589,1,-1,-1,-1
98,3,1124.2,680.954,31.2786,29.4667,1,-1,-1,-1
98,2,1075.12,872.08,37.3208,37.4584,1,-1,-1,-1
98,1,1075.09,759.887,33.7445,33.2994,1,-1,-1,-1
99,77,1119.4,662.647,30.1656,26.3161,1,-1,-1,-1
99,75,1015.21,519.878,27.4156,27.0592,1,-1,-1,-1
99,70,1060.58,761.982,50.1241,76.6454,1,-1,-1,-1
99,12,1084.29,694.932,31.6813,30.2555,1,-1,-1,-1
99,9,1140.19,747.225,31.9421,32.2708,1,-1,-1,-1
99,8,1095.51,603.044,27.3682,27.3332,1,-1,-1,-1
99,7,1044.53,545.388,24.7162,24.5428,1,-1,-1,-1
99,6,1142.58,825.079,35.4247,35.5933,1,-1,-1,-1
99,5,1130.67,722.113,30.3322,30.8672,1,-1,-1,-1
99,3,1125.32,680.381,30.495,29.7119,1,-1,-1,-1
99,2,1075.42,871.475,38.0034,36.9584,1,-1,-1,-1
100,78,1029.78,761.912,30.3685,37.7008,1,-1,-1,-1
100,76,984.551,570.35,26.978,25.9551,1,-1,-1,-1
100,75,1020.31,520.708,28.3737,27.6338,1,-1,-1,-1
100,12,1083.49,694.849,31.5602,29.2201,1,-1,-1,-1
100,9,1139.94,747.374,31.9385,32.0677,1,-1,-1,-1
100,8,1095.21,603.016,27.4959,27.5173,1,-1,-1,-1
100,7,1043.98,545.647,24.8698,24.601,1,-1,-1,-1
100,6,1141.98,825.247,35.2334,35.4664,1,-1,-1,-1
100,5,1130.59,722.266,30.4817,30.7919,1,-1,-1,-1
100,3,1124.52,680.686,31.002,29.4201,1,-1,-1,-1
100,2,1075.4,871.598,37.6296,36.7733,1,-1,-1,-1
100,1,1060.9,744.94,50.3911,50.5941,1,-1,-1,-1
101,79,939.658,667.812,28.4883,30.3462,1,-1,-1,-1
101,78,1025.52,755.811,46.1561,41.2858,1,-1,-1,-1
101,76,991.591,574.418,26.43,25.3939,1,-1,-1,-1
101,75,1027.17,525.056,27.838,27.1386,1,-1,-1,-1
101,28,799.471,443.867,341.095,152.263,1,-1,-1,-1
101,12,1083.48,694.663,31.6982,29.5981,1,-1,-1,-1
101,9,1140.36,747.02,31.9039,32.6356,1,-1,-1,-1
101,8,1095.46,602.963,27.8341,27.5513,1,-1,-1,-1
101,6,1142.09,825.195,35.6677,35.7148,1,-1,-1,-1
101,5,1130.95,722.042,30.2198,31.1434,1,-1,-1,-1
101,3,1124.8,680.225,31.0911,29.6204,1,-1,-1,-1
101,2,1075.15,871.443,38.6173,37.6067,1,-1,-1,-1
101,1,1059.64,732.935,50.6038,56.4387,1,-1,-1,-1
102,79,949.011,657.459,29.902,29.9874,1,-1,-1,-1
102,78,1027.01,752.646,44.1892,39.9527,1,-1,-1,-1
102,76,996.081,574.185,25.8704,26.3925,1,-1,-1,-1
102,75,1035.58,533.115,29.3274,28.6403,1,-1,-1,-1
102,28,799.425,443.646,340.28,154.676,1,-1,-1,-1
102,12,1083.65,694.047,32.0133,28.3014,1,-1,-1,-1
102,9,1140.94,746.59,31.6022,32.1719,1,-1,-1,-1
102,8,1096,602.608,27.6476,27.436,1,-1,-1,-1
102,6,1142.18,825.014,35.8041,35.6075,1,-1,-1,-1
102,5,1131.53,721.531,30.2139,30.9246,1,-1,-1,-1
102,3,1125.45,679.932,30.9235,29.3736,1,-1,-1,-1
102,2,1075.57,870.667,38.3933,38.0386,1,-1,-1,-1
102,1,1062.32,727.728,46.0106,41.4219,1,-1,-1,-1
103,79,959.271,653.096,28.4689,27.1538,1,-1,-1,-1
103,78,1027.07,754.507,41.3204,36.9102,1,-1,-1,-1
103,76,997.343,574.896,25.9245,26.5164,1,-1,-1,-1
103,12,1082.51,693.031,31.827,28.9591,1,-1,-1,-1
103,9,1139.5,746.1,32.292,32.3247,1,-1,-1,-1
103,8,1095.34,602.2,27.4668,27.3162,1,-1,-1,-1
103,7,1040.49,544.426,28.6818,30.0224,1,-1,-1,-1
103,6,1141.53,825.3,35.8081,35.6887,1,-1,-1,-1
103,5,1130.8,721.476,30.0676,30.423,1,-1,-1,-1
103,3,1124.4,679.439,31.6277,29.5648,1,-1,-1,-1
103,2,1076.8,870.276,35.8933,35.8367,1,-1,-1,-1
103,1,1063.23,727.484,42.9347,38.0419,1,-1,-1,-1
104,79,966.969,645.671,28.9921,29.5414,1,-1,-1,-1
104,78,1028.3,761.119,38.9611,34.1097,1,-1,-1,-1
104,76,999.918,576.926,25.9728,25.684,1,-1,-1,-1
104,68,1047.35,563.523,28.7446,26.8832,1,-1,-1,-1
104,12,1082.44,692.699,31.7122,29.6425,1,-1,-1,-1
104,9,1139.44,745.911,32.5387,32.064,1,-1,-1,-1
104,8,1095.58,601.271,27.3221,26.5731,1,-1,-1,-1
104,6,1142.21,825.895,35.7408,35.7336,1,-1,-1,-1
104,5,1130.95,721.082,30.2217,30.7273,1,-1,-1,-1
104,3,1124.33,679.195,31.2206,29.2159,1,-1,-1,-1
104,2,1074.54,869.445,38.4181,37.5851,1,-1,-1,-1
104,1,1064.93,732.166,39.4283,34.7086,1,-1,-1,-1
105,80,1053.2,581.448,29.4259,32.035,1,-1,-1,-1
105,79,972.62,635.166,29.4411,31.0096,1,-1,-1,-1
105,78,1029.85,770.244,35.6404,31.7548,1,-1,-1,-1
105,76,1000.61,577.549,26.5648,26.4594,1,-1,-1,-1
105,12,1082.03,691.49,32.2753,30.5161,1,-1,-1,-1
105,9,1139.39,744.872,32.8864,32.4857,1,-1,-1,-1
105,8,1095.77,600.53,26.8895,26.9586,1,-1,-1,-1
105,7,1042.89,543.116,25.2826,24.5043,1,-1,-1,-1
105,6,1142.44,826.146,35.7679,35.7386,1,-1,-1,-1
105,3,1124.45,678.567,31.4724,29.623,1,-1,-1,-1
105,2,1074.46,868.945,38.5914,37.9259,1,-1,-1,-1
105,1,1066.75,739.47,35.7731,34.0656,1,-1,-1,-1
106,79,977.09,627.77,28.4907,28.9511,1,-1,-1,-1
106,78,1029.47,765.227,33.6013,39.0707,1,-1,-1,-1
106,76,1003.3,578.341,26.4695,26.4548,1,-1,-1,-1
106,66,1060.17,603.69,28.2506,32.1584,1,-1,-1,-1
106,12,1081.92,691.396,32.4464,30.4963,1,-1,-1,-1
106,9,1138.16,744.229,33.0547,32.5478,1,-1,-1,-1
106,8,1095.9,600.406,26.379,27.0113,1,-1,-1,-1
106,7,1042.58,542.464,25.2424,24.9493,1,-1,-1,-1
106,6,1142.53,826.341,35.4009,35.5123,1,-1,-1,-1
106,3,1124.41,678.564,31.6569,29.5617,1,-1,-1,-1
106,2,1074.63,868.451,38.4374,37.768,1,-1,-1,-1
106,1,1065.57,742.735,42.7278,41.9556,1,-1,-1,-1
107,82,1054.49,711.015,32.5796,37.4625,1,-1,-1,-1
107,81,1026.77,732.221,33.8367,33.9685,1,-1,-1,-1
107,79,985.109,618.322,28.1422,28.39,1,-1,-1,-1
107,76,1005.5,578.99,26.5735,26.9068,1,-1,-1,-1
107,12,1083.21,690.695,32.0153,30.5357,1,-1,-1,-1
107,9,1140.46,743.728,32.405,32.5997,1,-1,-1,-1
107,8,1096.36,599.666,26.9305,27.04,1,-1,-1,-1
107,7,1043.35,541.328,24.7708,25.3628,1,-1,-1,-1
107,6,1142.38,826.119,36.1832,35.4154,1,-1,-1,-1
107,4,1068.65,630.594,27.3308,27.3016,1,-1,-1,-1
107,2,1075.37,867.711,38.3604,38.1013,1,-1,-1,-1
107,1,1083.15,731.85,33.172,34.1928,1,-1,-1,-1
108,84,1049.7,678.71,33.1497,36.7249,1,-1,-1,-1
108,83,1013.13,710.783,35.4691,33.9161,1,-1,-1,-1
108,79,991.573,613.032,28.2388,27.7964,1,-1,-1,-1
108,76,1006.27,580.974,27.34,26.8046,1,-1,-1,-1
108,12,1083.27,690.539,31.1206,28.2262,1,-1,-1,-1
108,9,1139.8,743.588,32.507,32.6055,1,-1,-1,-1
108,8,1096.09,599.504,26.9176,26.7686,1,-1,-1,-1
108,7,1042.52,541.217,25.3125,25.5355,1,-1,-1,-1
108,6,1141.44,825.535,35.911,35.8155,1,-1,-1,-1
108,4,1070.91,619.58,28.8801,28.5269,1,-1,-1,-1
108,3,1124.77,677.812,31.3906,29.567,1,-1,-1,-1
108,2,1074.99,867.838,38.0673,37.678,1,-1,-1,-1
108,1,1089.2,716.151,32.2295,32.2388,1,-1,-1,-1
109,86,1046.9,650.995,33.428,34.7484,1,-1,-1,-1
109,85,999.548,692.136,35.4667,33.6526,1,-1,-1,-1
109,79,996.313,605.849,27.6131,27.9861,1,-1,-1,-1
109,76,1007.75,581.236,27.0292,26.9985,1,-1,-1,-1
109,12,1082.49,690.154,29.2567,28.9001,1,-1,-1,-1
109,9,1139.21,743.027,33.1848,32.7557,1,-1,-1,-1
109,8,1096.6,598.91,26.2085,26.6339,1,-1,-1,-1
109,7,1042.14,540.682,25.3593,25.7197,1,-1,-1,-1
109,6,1140.78,824.609,36.3036,36.0193,1,-1,-1,-1
109,4,1073.76,609.602,29.1946,28.1008,1,-1,-1,-1
109,2,1074.63,867.441,37.9735,37.7926,1,-1,-1,-1
109,1,1094.56,704.845,30.6171,30.7346,1,-1,-1,-1
110,87,1045.47,627.158,32.4764,32.7087,1,-1,-1,-1
110,85,987.465,679.421,34.7468,32.49,1,-1,-1,-1
110,79,1002.66,599.179,26.9465,25.6578,1,-1,-1,-1
110,12,1082.6,689.016,28.4309,28.6855,1,-1,-1,-1
110,9,1138,742.628,33.3839,32.912,1,-1,-1,-1
110,7,1041.97,539.911,25.5515,25.8079,1,-1,-1,-1
110,6,1139.88,823.966,36.7332,36.1993,1,-1,-1,-1
110,2,1074.06,867.202,38.5144,37.8732,1,-1,-1,-1
110,1,1101.1,698.956,29.1871,30.8649,1,-1,-1,-1
111,88,972.009,479.894,23.1469,23.0903,1,-1,-1,-1
111,87,1040.98,608.683,33.14,32.4164,1,-1,-1,-1
111,85,973.967,671.29,35.5418,32.6586,1,-1,-1,-1
111,67,1006.21,598.068,26.4918,24.9266,1,-1,-1,-1
111,12,1081.52,685.973,30.6178,29.8707,1,-1,-1,-1
111,9,1137.69,742.958,32.8717,32.6301,1,-1,-1,-1
111,7,1041.25,540.358,25.6599,25.3029,1,-1,-1,-1
111,6,1139.33,824.037,36.3448,36.11,1,-1,-1,-1
111,2,1073.85,867.406,38.0817,37.3159,1,-1,-1,-1
112,88,964.41,482.396,23.5563,23.1062,1,-1,-1,-1
112,87,1039.36,595.221,32.5859,30.0408,1,-1,-1,-1
112,85,964.375,666.613,33.6592,32.2845,1,-1,-1,-1
112,67,1009.98,595.357,25.5421,26.3826,1,-1,-1,-1
112,12,1081.69,681.916,31.4265,29.9538,1,-1,-1,-1
112,9,1137.72,742.534,33.5802,32.8619,1,-1,-1,-1
112,8,1084.31,597.981,38.0933,29.6641,1,-1,-1,-1
112,7,1041.65,539.718,25.5126,25.3978,1,-1,-1,-1
112,6,1140.69,822.997,35.6136,35.5707,1,-1,-1,-1
112,2,1074.16,866.947,38.222,37.7441,1,-1,-1,-1
112,1,1117.68,694.347,30.4524,28.6108,1,-1,-1,-1
113,87,1037.8,586.772,30.3168,29.5261,1,-1,-1,-1
113,85,952.655,666.66,34.3745,30.678,1,-1,-1,-1
113,67,1015.06,595.07,24.1931,26.0902,1,-1,-1,-1
113,12,1081.54,679.043,31.689,30.8193,1,-1,-1,-1
113,9,1137.36,742.737,33.8545,33.0279,1,-1,-1,-1
113,8,1088.18,599.206,34.1587,33.6876,1,-1,-1,-1
113,7,1041.91,539.993,25.1624,25.6487,1,-1,-1,-1
113,6,1140.64,823.225,35.8258,35.9186,1,-1,-1,-1
113,2,1073.7,867.278,38.4987,37.6663,1,-1,-1,-1
113,1,1126.7,689.608,33.4164,29.4683,1,-1,-1,-1
114,90,947.738,489.054,23.2305,21.8755,1,-1,-1,-1
114,89,1095.13,598.619,26.4629,22.2327,1,-1,-1,-1
114,87,1037.43,580.739,28.2666,30.129,1,-1,-1,-1
114,85,943.266,669.065,32.811,29.9826,1,-1,-1,-1
114,67,1017.53,593.738,24.6128,26.042,1,-1,-1,-1
114,12,1081.77,676.369,31.2162,30.5899,1,-1,-1,-1
114,9,1137.37,742.634,33.9039,33.0833,1,-1,-1,-1
114,8,1091.01,615.154,28.9111,26.1846,1,-1,-1,-1
114,7,1041.74,539.952,25.625,25.6797,1,-1,-1,-1
114,6,1141.65,823.407,35.6879,35.6519,1,-1,-1,-1
114,2,1073.71,867.074,38.623,37.8962,1,-1,-1,-1
115,90,941.074,491.198,24.2629,22.9686,1,-1,-1,-1
115,89,1095.62,598.466,26.6622,25.9485,1,-1,-1,-1
115,87,1037.73,579.771,26.3475,27.0998,1,-1,-1,-1
115,85,938.108,674.793,29.2745,30.0265,1,-1,-1,-1
115,12,1082.36,672.512,30.6119,29.8359,1,-1,-1,-1
115,9,1137.68,742.397,33.8585,33.1121,1,-1,-1,-1
115,8,1094.19,621.743,28.6155,24.8032,1,-1,-1,-1
115,7,1042.4,539.5,25.4734,25.6644,1,-1,-1,-1
115,6,1142.43,823.357,35.6609,35.1727,1,-1,-1,-1
115,3,1126.04,690.175,31.0469,29.4085,1,-1,-1,-1
115,2,1074.27,866.956,38.0551,37.322,1,-1,-1,-1
116,91,1064.74,450.341,18.674,20.5952,1,-1,-1,-1
116,90,932.93,493.937,24.2819,23.6249,1,-1,-1,-1
116,89,1095.29,598.311,26.9474,23.2281,1,-1,-1,-1
116,76,1026.58,584.156,32.5258,29.99,1,-1,-1,-1
116,12,1082.48,669.603,30.1187,30.2108,1,-1,-1,-1
116,9,1137.76,742.358,33.4962,32.9218,1,-1,-1,-1
116,8,1099.29,615.593,28.8123,27.2142,1,-1,-1,-1
116,7,1042.58,539.527,25.266,25.5166,1,-1,-1,-1
116,6,1142.62,823.282,35.3906,35.4357,1,-1,-1,-1
116,5,1129.77,717.928,30.8395,30.0048,1,-1,-1,-1
116,3,1124.8,690.578,31.1965,28.1937,1,-1,-1,-1
116,2,1073.8,866.792,38.4006,37.6967,1,-1,-1,-1
117,91,1064.87,450.451,17.6755,20.7402,1,-1,-1,-1
117,89,1095.1,598.361,26.3741,24.2349,1,-1,-1,-1
117,87,1027.61,569.17,25.7213,23.1489,1,-1,-1,-1
117,77,1116.62,655.024,27.6553,26.9828,1,-1,-1,-1
117,76,1028.13,589.925,27.8035,26.879,1,-1,-1,-1
117,12,1081.84,667.157,30.6919,30.3366,1,-1,-1,-1
117,9,1137.65,742.427,33.1981,32.8445,1,-1,-1,-1
117,8,1102.35,614.181,29.5294,28.1465,1,-1,-1,-1
117,7,1042.29,539.573,25.3596,25.3219,1,-1,-1,-1
117,6,1141.97,823.563,35.3225,35.236,1,-1,-1,-1
117,3,1124.16,690.573,31.6953,28.286,1,-1,-1,-1
117,2,1073.87,867.032,38.1892,37.1801,1,-1,-1,-1
118,93,1043.57,455.01,21.3969,23.7634,1,-1,-1,-1
118,92,900.513,558.205,24.9929,36.7284,1,-1,-1,-1
118,90,922.55,501.148,23.1665,23.2525,1,-1,-1,-1
118,89,1095,598.254,26.3896,25.1642,1,-1,-1,-1
118,87,1030.41,568.047,24.2615,23.8885,1,-1,-1,-1
118,77,1116.3,654.447,27.6427,27.3811,1,-1,-1,-1
118,76,1027.85,590.752,28.6018,32.8848,1,-1,-1,-1
118,12,1081.81,664.374,30.5692,30.3792,1,-1,-1,-1
118,9,1137.4,742.531,33.4834,32.8049,1,-1,-1,-1
118,8,1104.11,614.373,28.1576,28.2357,1,-1,-1,-1
118,7,1042.27,539.386,25.5748,25.4922,1,-1,-1,-1
118,6,1141.37,823.553,35.2268,35.1732,1,-1,-1,-1
118,3,1123.87,690.481,31.7296,28.3795,1,-1,-1,-1
118,2,1073.56,867.073,38.3021,37.2351,1,-1,-1,-1
119,93,1043.11,456.172,21.3135,23.4553,1,-1,-1,-1
119,89,1095.04,598.943,26.1649,23.6662,1,-1,-1,-1
119,87,1031.88,567.733,25.1608,22.5546,1,-1,-1,-1
119,77,1115.42,654.478,27.4919,26.6625,1,-1,-1,-1
119,76,1025.15,589.441,34.0541,31.5548,1,-1,-1,-1
119,12,1081.94,662.071,30.3405,29.4012,1,-1,-1,-1
119,9,1136.63,743.134,33.4879,32.5665,1,-1,-1,-1
119,8,1100.71,616.796,29.5476,28.0175,1,-1,-1,-1
119,7,1041.92,539.718,25.3933,25.4246,1,-1,-1,-1
119,6,1139.85,824.486,35.9163,35.7172,1,-1,-1,-1
119,5,1127.93,719.278,30.6622,30.1962,1,-1,-1,-1
119,3,1124.06,690.945,30.8771,28.5927,1,-1,-1,-1
119,2,1072.67,867.505,38.2761,37.1324,1,-1,-1,-1
120,94,1125.35,674.834,28.4681,21.7371,1,-1,-1,-1
120,93,1041.95,460.119,20.7244,21.0258,1,-1,-1,-1
120,90,896.865,491.413,39.744,41.2871,1,-1,-1,-1
120,89,1094.06,599.683,26.0966,25.482,1,-1,-1,-1
120,87,1033.63,567.335,25.344,20.6564,1,-1,-1,-1
120,77,1114.31,654.452,27.2932,26.8663,1,-1,-1,-1
120,76,1042.79,588.142,20.8538,25.4353,1,-1,-1,-1
120,67,1018.49,581.94,26.6912,28.1484,1,-1,-1,-1
120,12,1081.52,660.199,29.9786,29.851,1,-1,-1,-1
120,9,1135.95,744.124,32.976,32.0752,1,-1,-1,-1
120,8,1095.08,623.454,29.0221,27.7126,1,-1,-1,-1
120,7,1041,540.732,25.0028,25.4297,1,-1,-1,-1
120,6,1138.83,825.2,35.7614,35.5057,1,-1,-1,-1
120,5,1127.31,720.497,30.8649,30.1664,1,-1,-1,-1
120,3,1123.67,691.499,32.0072,28.9077,1,-1,-1,-1
120,2,1072.08,868.15,37.7933,37.1428,1,-1,-1,-1
121,94,1124.75,674.639,29.1997,21.9379,1,-1,-1,-1
121,93,1041.92,460.25,20.8094,21.054,1,-1,-1,-1
121,90,897.42,473.656,38.1665,34.0118,1,-1,-1,-1
121,89,1094.15,599.722,26.187,24.4845,1,-1,-1,-1
121,87,1038.1,568.017,23.5778,22.1656,1,-1,-1,-1
121,77,1114.39,653.934,27.2933,26.7186,1,-1,-1,-1
121,76,1041.71,587.418,25.0629,25.5584,1,-1,-1,-1
121,67,1015.25,570.178,25.6125,28.3337,1,-1,-1,-1
121,12,1081.78,658.237,29.8053,29.6108,1,-1,-1,-1
121,9,1135.82,743.903,33.4,32.1897,1,-1,-1,-1
121,8,1091.99,621.24,29.1787,27.5558,1,-1,-1,-1
121,7,1041.16,540.724,24.8274,25.5249,1,-1,-1,-1
121,6,1139.06,825.213,35.7893,35.3747,1,-1,-1,-1
121,5,1127.16,720.115,30.9635,30.3557,1,-1,-1,-1
121,3,1123.96,691.478,32.2281,28.7452,1,-1,-1,-1
121,2,1071.87,868.057,38.0258,37.1898,1,-1,-1,-1
122,94,1123.07,675.408,28.9138,21.4423,1,-1,-1,-1
122,90,896.019,470.374,49.1033,39.1593,1,-1,-1,-1
122,89,1093.32,600.378,25.943,24.8964,1,-1,-1,-1
122,87,1037.56,567.566,25.0074,23.785,1,-1,-1,-1
122,77,1112.6,654.191,27.8202,27.0991,1,-1,-1,-1
122,76,1043.13,587.157,25.5511,26.0099,1,-1,-1,-1
122,67,1009.3,565.355,26.6865,25.3187,1,-1,-1,-1
122,12,1080.64,657.139,29.9,29.1559,1,-1,-1,-1
122,9,1134.67,745.329,33.3539,32.0562,1,-1,-1,-1
122,8,1087.86,621.13,28.7932,28.3132,1,-1,-1,-1
122,7,1040.37,542.248,24.4222,24.7431,1,-1,-1,-1
122,6,1137.98,826.779,35.8511,35.2813,1,-1,-1,-1
122,5,1126.32,721.512,31.3022,29.8259,1,-1,-1,-1
122,3,1123.01,692.647,32.129,28.7818,1,-1,-1,-1
122,2,1070.09,869.477,38.1005,36.991,1,-1,-1,-1
123,96,1041.21,485.615,26.1929,29.024,1,-1,-1,-1
123,95,911.176,588.729,20.7855,21.3919,1,-1,-1,-1
123,94,1122.18,675.749,29.4897,21.9766,1,-1,-1,-1
123,90,887.405,480.81,54.5133,41.2695,1,-1,-1,-1
123,89,1092.69,601.725,26.187,25.0117,1,-1,-1,-1
123,87,1039.12,567.334,25.8885,24.2829,1,-1,-1,-1
123,76,1046.8,587.089,25.8046,25.8563,1,-1,-1,-1
123,67,1005.3,562.549,27.2934,25.6675,1,-1,-1,-1
123,12,1080.65,655.714,29.9329,28.4846,1,-1,-1,-1
123,9,1134.48,745.967,32.8691,32.2839,1,-1,-1,-1
123,8,1083.53,624.31,28.4305,27.9876,1,-1,-1,-1
123,7,1040.16,543.208,24.6991,23.9837,1,-1,-1,-1
123,6,1137.91,827.343,35.7632,35.0514,1,-1,-1,-1
123,5,1125.94,721.749,31.61,30.0284,1,-1,-1,-1
123,3,1122.7,693.597,32.7001,28.3453,1,-1,-1,-1
123,2,1069.84,870.027,38.0463,36.9586,1,-1,-1,-1
124,96,1041.11,485.207,26.5681,29.6348,1,-1,-1,-1
124,90,879.273,495.416,46.1276,40.0924,1,-1,-1,-1
124,89,1092.9,601.798,26.4229,26.0322,1,-1,-1,-1
124,87,1040.14,566.218,26.1113,24.3334,1,-1,-1,-1
124,77,1112.3,654.434,28.1021,27.7274,1,-1,-1,-1
124,76,1050.58,586.755,25.7026,25.2802,1,-1,-1,-1
124,71,1002.49,562.597,27.6698,25.5675,1,-1,-1,-1
124,12,1080.86,652.406,30.3789,28.2975,1,-1,-1,-1
124,9,1134.47,746.037,33.0978,32.3595,1,-1,-1,-1
124,8,1080.57,621.659,28.8208,27.434,1,-1,-1,-1
124,7,1040.18,543.092,24.708,23.6586,1,-1,-1,-1
124,6,1138.23,826.778,35.7163,35.6084,1,-1,-1,-1
124,5,1126.03,721.773,31.5338,30.0853,1,-1,-1,-1
124,3,1122.67,693.386,33.1765,28.7035,1,-1,-1,-1
124,2,1069.97,870.086,37.9557,36.8872,1,-1,-1,-1
125,98,968.533,451.572,21.7604,31.5057,1,-1,-1,-1
125,97,989.474,456.077,23.406,22.7826,1,-1,-1,-1
125,96,1041.63,485.692,26.4388,28.8982,1,-1,-1,-1
125,94,1121.39,676.17,30.7294,22.0669,1,-1,-1,-1
125,89,1093.12,601.817,27.4626,27.7859,1,-1,-1,-1
125,87,1042.77,566.119,25.5444,24.6318,1,-1,-1,-1
125,77,1112.83,653.787,28.121,28.2589,1,-1,-1,-1
125,76,1054.29,586.359,25.9032,25.2205,1,-1,-1,-1
125,71,999.013,566.006,27.2532,26.1142,1,-1,-1,-1
125,12,1081.33,650.281,30.0834,29.1819,1,-1,-1,-1
125,9,1134.92,746.366,33.535,32.527,1,-1,-1,-1
125,8,1077.62,622.186,29.1469,27.597,1,-1,-1,-1
125,7,1040.86,544.015,24.7777,23.8039,1,-1,-1,-1
125,6,1138.39,827.054,36.166,35.4122,1,-1,-1,-1
125,5,1126.2,722.039,31.741,30.5446,1,-1,-1,-1
125,3,1122.85,693.52,33.803,28.9538,1,-1,-1,-1
125,2,1070.12,870.131,38.1154,37.2253,1,-1,-1,-1
126,96,1041.94,486.05,26.4801,28.6158,1,-1,-1,-1
126,92,908.234,565.326,27.746,28.2444,1,-1,-1,-1
126,89,1093.05,601.916,27.4285,27.9633,1,-1,-1,-1
126,87,1044.56,565.172,25.6349,24.2857,1,-1,-1,-1
126,77,1112.73,653.817,28.2831,28.1758,1,-1,-1,-1
126,76,1058.46,585.326,26.088,25.2302,1,-1,-1,-1
126,71,996.17,568.589,26.8712,26.4045,1,-1,-1,-1
126,12,1081.58,647.232,30.2515,29.5822,1,-1,-1,-1
126,9,1135.2,746.406,33.6482,32.6326,1,-1,-1,-1
126,8,1074.05,623.69,29.2448,27.2547,1,-1,-1,-1
126,7,1040.9,544.285,24.923,23.4169,1,-1,-1,-1
126,6,1138.63,826.977,35.8384,35.4164,1,-1,-1,-1
126,5,1126.33,722.033,31.8062,30.6898,1,-1,-1,-1
126,3,1123.06,693.924,34.0731,28.4118,1,-1,-1,-1
126,2,1070.34,870.201,37.974,37.2601,1,-1,-1,-1
127,97,989.472,456.23,23.3519,22.9516,1,-1,-1,-1
127,96,1041.59,486.532,26.3292,28.2853,1,-1,-1,-1
127,89,1093.14,602.099,26.9458,27.7816,1,-1,-1,-1
127,87,1047.53,563.431,24.973,24.4963,1,-1,-1,-1
127,77,1112.72,653.529,28.1544,27.9485,1,-1,-1,-1
127,76,1061.21,583.874,26.0443,26.4288,1,-1,-1,-1
127,71,991.638,562.034,27.1704,26.4077,1,-1,-1,-1
127,12,1081.8,645.521,29.9033,28.9643,1,-1,-1,-1
127,9,1135,746.535,33.5062,32.5275,1,-1,-1,-1
127,8,1071.88,622.578,27.507,27.4864,1,-1,-1,-1
127,7,1040.85,544.597,24.6753,23.1626,1,-1,-1,-1
127,6,1138.55,827.302,35.8828,35.3274,1,-1,-1,-1
127,5,1126.26,722.09,31.7448,30.5999,1,-1,-1,-1
127,3,1122.83,694.044,34.2697,28.4385,1,-1,-1,-1
127,2,1070.13,870.451,37.787,37.019,1,-1,-1,-1
128,99,1085.53,479.546,21.6097,22.6259,1,-1,-1,-1
128,97,987.814,457.74,22.5918,22.0561,1,-1,-1,-1
128,96,1039.99,488.57,26.8287,27.8004,1,-1,-1,-1
128,93,1039.28,469.455,21.752,20.4384,1,-1,-1,-1
128,92,898.86,557.858,25.8013,24.1711,1,-1,-1,-1
128,89,1091.39,603.375,27.2063,27.9424,1,-1,-1,-1
128,87,1048.2,563.713,24.384,24.2474,1,-1,-1,-1
128,76,1062.77,584.25,25.6174,25.9424,1,-1,-1,-1
128,71,984.522,559.656,26.8552,25.4197,1,-1,-1,-1
128,12,1081.22,644.61,29.3313,29.0108,1,-1,-1,-1
128,9,1134,747.937,33.0558,32.7912,1,-1,-1,-1
128,7,1039.16,545.653,24.5249,22.6612,1,-1,-1,-1
128,6,1135.98,829.356,36.2203,35.206,1,-1,-1,-1
128,5,1124.91,723.473,31.6685,30.6123,1,-1,-1,-1
128,3,1121.42,695.838,33.8931,27.8576,1,-1,-1,-1
128,2,1068.75,872.445,38.0154,36.725,1,-1,-1,-1
129,100,1051.9,455.938,20.3077,21.9129,1,-1,-1,-1
129,99,1084.42,480.308,22.4686,22.5652,1,-1,-1,-1
129,97,987.556,457.926,22.2935,22.7307,1,-1,-1,-1
129,96,1039.4,489.711,26.9044,27.8551,1,-1,-1,-1
129,89,1090.88,604.094,27.2534,28.2902,1,-1,-1,-1
129,87,1049.28,564.2,25.5685,25.3825,1,-1,-1,-1
129,76,1064.55,584.465,25.9547,26.478,1,-1,-1,-1
129,71,978.071,559.858,26.8672,26.4985,1,-1,-1,-1
129,12,1081.1,643.957,28.964,29.061,1,-1,-1,-1
129,9,1133.41,748.873,33.368,32.9506,1,-1,-1,-1
129,8,1063.1,625.084,28.6827,27.4542,1,-1,-1,-1
129,7,1037.98,546.346,24.8641,23.6448,1,-1,-1,-1
129,6,1135.48,830.036,36.308,35.416,1,-1,-1,-1
129,5,1124.15,724.686,31.7375,30.14,1,-1,-1,-1
129,3,1120.82,696.715,34.1024,28.2261,1,-1,-1,-1
129,2,1068.41,873.288,37.6881,36.3869,1,-1,-1,-1
130,100,1052.15,456.687,20.1927,21.5027,1,-1,-1,-1
130,99,1085.62,480.808,21.9009,23.281,1,-1,-1,-1
130,97,987.263,458.633,22.7673,22.7005,1,-1,-1,-1
130,96,1040.35,490.159,27.5927,27.9232,1,-1,-1,-1
130,89,1091.95,605.031,26.8623,27.7322,1,-1,-1,-1
130,87,1051.75,564.063,25.0923,24.4126,1,-1,-1,-1
130,77,1112.58,655.596,28.8086,28.0237,1,-1,-1,-1
130,76,1069.75,584.107,25.0059,26.0847,1,-1,-1,-1
130,71,975.385,562.286,26.5841,26.2684,1,-1,-1,-1
130,12,1083.1,642.435,27.9414,27.4413,1,-1,-1,-1
130,9,1134.28,749.254,33.3391,32.7358,1,-1,-1,-1
130,8,1062.15,625.413,27.2167,27.7221,1,-1,-1,-1
130,7,1039.34,546.923,25.0178,23.7431,1,-1,-1,-1
130,6,1136.38,830.45,36.1182,35.6023,1,-1,-1,-1
130,5,1124.74,725.432,31.9639,29.7277,1,-1,-1,-1
130,3,1121.1,697.711,34.4968,28.4772,1,-1,-1,-1
130,2,1069.19,873.509,37.6946,36.5291,1,-1,-1,-1
131,100,1052.91,458.386,19.0819,19.5699,1,-1,-1,-1
131,97,988.448,459.411,22.329,22.2519,1,-1,-1,-1
131,92,889.684,565.967,25.4225,24.6069,1,-1,-1,-1
131,89,1091.8,605.859,27.1732,27.6217,1,-1,-1,-1
131,87,1054.29,563.288,24.9861,24.2355,1,-1,-1,-1
131,77,1113.09,655.951,27.4763,28.3146,1,-1,-1,-1
131,76,1073.11,584.219,25.0823,26.45,1,-1,-1,-1
131,71,972.319,560.295,25.7865,26.2611,1,-1,-1,-1
131,12,1083.5,640.879,28.1903,27.7677,1,-1,-1,-1
131,9,1134.25,750.361,33.0173,32.9338,1,-1,-1,-1
131,8,1059.03,625.865,28.4767,27.9148,1,-1,-1,-1
131,7,1039.76,547.467,24.4768,23.9319,1,-1,-1,-1
131,6,1136.09,830.96,36.7124,35.6068,1,-1,-1,-1
131,5,1124.95,726.261,31.3073,29.4412,1,-1,-1,-1
131,3,1121.8,699.042,33.3707,28.6702,1,-1,-1,-1
131,2,1069.23,873.995,37.8088,37.0016,1,-1,-1,-1
132,102,914.263,534.564,24.091,24.2291,1,-1,-1,-1
132,101,1087.07,458.668,21.0215,21.1261,1,-1,-1,-1
132,100,1052.38,459.542,19.1034,20.0186,1,-1,-1,-1
132,98,966.28,467.058,20.9832,20.5081,1,-1,-1,-1
132,97,987.496,460.823,22.5181,22.6339,1,-1,-1,-1
132,94,1117.1,682.42,31.1335,23.9686,1,-1,-1,-1
132,89,1090.44,607.279,27.0498,26.9492,1,-1,-1,-1
132,87,1054.27,563.38,25.5048,24.3245,1,-1,-1,-1
132,76,1074.13,584.761,25.9093,26.0381,1,-1,-1,-1
132,71,965.054,556.869,26.4034,25.2881,1,-1,-1,-1
132,12,1081.86,639.864,28.9468,28.0753,1,-1,-1,-1
132,9,1132.53,751.115,33.4701,33.1168,1,-1,-1,-1
132,8,1053.94,626.925,28.032,27.0934,1,-1,-1,-1
132,6,1134.56,832.062,36.6932,35.6064,1,-1,-1,-1
132,5,1123.49,727.291,31.4813,29.1112,1,-1,-1,-1
132,3,1120.25,699.565,32.917,29.4238,1,-1,-1,-1
132,2,1067.7,875.192,37.7329,36.8297,1,-1,-1,-1
133,101,1086.85,458.785,20.9069,21.0151,1,-1,-1,-1
133,100,1052.04,459.233,18.7655,19.8182,1,-1,-1,-1
133,98,966.017,466.174,20.8707,21.0735,1,-1,-1,-1
133,97,987.355,460.673,22.5571,22.5394,1,-1,-1,-1
133,94,1117.05,682.182,30.1102,23.8961,1,-1,-1,-1
133,92,877.759,558.085,26.0901,25.4714,1,-1,-1,-1
133,89,1090.18,607.114,26.7645,27.1843,1,-1,-1,-1
133,76,1076.4,583.767,26.3624,26.0933,1,-1,-1,-1
133,71,961.297,556.142,26.0913,25.6232,1,-1,-1,-1
133,12,1082.18,637.988,28.6211,27.66,1,-1,-1,-1
133,9,1132.23,750.793,33.6257,33.5198,1,-1,-1,-1
133,8,1050.92,626.522,28.4121,27.4818,1,-1,-1,-1
133,6,1134.45,831.739,36.9036,35.9253,1,-1,-1,-1
133,5,1123.2,726.944,31.4652,29.2623,1,-1,-1,-1
133,3,1120.19,699.344,32.0939,28.8887,1,-1,-1,-1
133,2,1067.25,874.817,37.9592,36.9084,1,-1,-1,-1
134,103,1053.77,512.239,20.9819,22.5301,1,-1,-1,-1
134,102,916.99,535.375,24.9911,25.6302,1,-1,-1,-1
134,101,1086.1,457.868,20.7103,21.2052,1,-1,-1,-1
134,98,966.057,466.496,20.4276,20.2717,1,-1,-1,-1
134,97,986.097,460.156,22.3547,22.7684,1,-1,-1,-1
134,94,1116.38,682.393,30.509,23.6141,1,-1,-1,-1
134,92,874.956,557.01,24.7892,25.6049,1,-1,-1,-1
134,89,1089.59,606.824,26.4398,26.7087,1,-1,-1,-1
134,76,1080.05,583.296,25.7355,26.544,1,-1,-1,-1
134,71,955.036,553.335,26.3477,25.522,1,-1,-1,-1
134,12,1081.34,635.23,29.0765,28.6276,1,-1,-1,-1
134,9,1131.36,750.698,33.1641,33.4999,1,-1,-1,-1
134,8,1047.9,625.607,28.7012,28.1057,1,-1,-1,-1
134,6,1133.89,831.71,36.4901,35.8931,1,-1,-1,-1
134,5,1122.45,727.022,31.1562,29.1776,1,-1,-1,-1
134,3,1119.2,699.581,32.2177,28.7859,1,-1,-1,-1
134,2,1066.55,875.089,37.9541,36.6138,1,-1,-1,-1
135,104,832.463,457.176,26.9398,25.1114,1,-1,-1,-1
135,103,1052.72,513.111,21.9447,22.2192,1,-1,-1,-1
135,102,918.796,536.711,24.5924,25.8054,1,-1,-1,-1
135,101,1085.42,459.459,20.7361,20.4557,1,-1,-1,-1
135,98,964.888,466.955,21.0167,20.4493,1,-1,-1,-1
135,94,1115.51,682.713,30.9973,23.7267,1,-1,-1,-1
135,89,1088.75,607.395,26.4022,26.7291,1,-1,-1,-1
135,87,1057.72,561.262,25.514,25.5401,1,-1,-1,-1
135,76,1081.63,582.955,26.2062,26.3053,1,-1,-1,-1
135,71,950.697,551.95,25.7208,25.3713,1,-1,-1,-1
135,12,1080.99,634.456,28.822,28.7168,1,-1,-1,-1
135,9,1130.46,751.179,33.5605,33.6046,1,-1,-1,-1
135,8,1045.13,626.513,28.4485,27.8659,1,-1,-1,-1
135,6,1133.22,832.346,36.453,35.6293,1,-1,-1,-1
135,5,1122.07,727.447,30.9908,29.2033,1,-1,-1,-1
135,3,1118.37,699.893,32.0437,29.0616,1,-1,-1,-1
135,2,1065.55,875.386,38.0266,36.9161,1,-1,-1,-1
136,104,825.454,444.506,29.4058,27.0105,1,-1,-1,-1
136,103,1052.23,514.017,22.0692,21.553,1,-1,-1,-1
136,102,920.725,537.861,23.6237,25.2946,1,-1,-1,-1
136,101,1085.32,459.955,20.4066,20.1128,1,-1,-1,-1
136,98,964.665,467.399,20.9391,20.4739,1,-1,-1,-1
136,94,1114.77,682.8,31.3132,23.9752,1,-1,-1,-1
136,92,873.342,555.34,25.1166,24.7097,1,-1,-1,-1
136,89,1086.96,607.327,26.4789,26.7112,1,-1,-1,-1
136,87,1058.94,560.835,25.0925,25.1555,1,-1,-1,-1
136,76,1084.31,582.286,25.6754,25.6953,1,-1,-1,-1
136,71,945.394,549.575,25.2269,25.1971,1,-1,-1,-1
136,12,1080.6,632.822,28.4906,27.2835,1,-1,-1,-1
136,9,1130.16,751.48,33.4951,33.5895,1,-1,-1,-1
136,8,1041.66,627.484,28.6892,27.4622,1,-1,-1,-1
136,6,1132.72,832.638,36.4139,35.6577,1,-1,-1,-1
136,5,1121.63,727.787,30.9152,29.4,1,-1,-1,-1
136,3,1117.65,699.875,32.6229,29.4863,1,-1,-1,-1
136,2,1064.97,875.569,37.8458,36.7356,1,-1,-1,-1
137,104,821.079,436.952,29.0812,27.5677,1,-1,-1,-1
137,102,920.368,539.228,24.0453,24.7261,1,-1,-1,-1
137,94,1112.88,683.759,31.5132,23.1114,1,-1,-1,-1
137,92,869.282,554.724,25.3419,23.226,1,-1,-1,-1
137,89,1085.01,608.233,26.6968,25.8756,1,-1,-1,-1
137,87,1058.75,560.774,25.2328,24.9664,1,-1,-1,-1
137,76,1085.09,582.711,25.1855,25.3403,1,-1,-1,-1
137,12,1079.73,632.116,27.8883,27.2007,1,-1,-1,-1
137,9,1128.08,752.525,33.5903,33.0282,1,-1,-1,-1
137,8,1037.12,628.942,28.9219,27.4348,1,-1,-1,-1
137,6,1130.7,833.642,37.0084,35.5029,1,-1,-1,-1
137,5,1119.22,727.996,31.9491,30.0874,1,-1,-1,-1
137,3,1114.94,700.174,33.5863,29.6887,1,-1,-1,-1
137,2,1062.78,876.17,38.4879,36.7664,1,-1,-1,-1
138,104,818.094,433.395,31.8735,29.7006,1,-1,-1,-1
138,102,920.487,539.022,23.4459,25.471,1,-1,-1,-1
138,94,1112.63,683.707,31.6019,23.0988,1,-1,-1,-1
138,92,869.269,551.652,25.142,23.7665,1,-1,-1,-1
138,89,1084.92,607.715,26.7643,25.8921,1,-1,-1,-1
138,87,1059.46,559.735,25.6368,25.4086,1,-1,-1,-1
138,77,1106.04,656.393,29.9838,29.4164,1,-1,-1,-1
138,12,1079.69,630.541,27.7797,27.0318,1,-1,-1,-1
138,9,1127.04,752.46,33.5627,33.2018,1,-1,-1,-1
138,8,1033.92,629.133,29.4294,27.6339,1,-1,-1,-1
138,7,1032.23,549.846,25.6016,24.6992,1,-1,-1,-1
138,6,1130.89,833.563,36.6624,35.5873,1,-1,-1,-1
138,5,1118.91,727.933,31.6947,30.111,1,-1,-1,-1
138,3,1114.7,700.151,33.7499,29.7516,1,-1,-1,-1
138,2,1062.69,876.333,38.5811,36.8089,1,-1,-1,-1
139,104,814.44,433.503,31.8305,29.3519,1,-1,-1,-1
139,100,1044.71,460.397,19.3481,20.7342,1,-1,-1,-1
139,94,1111.81,683.477,30.5624,22.7259,1,-1,-1,-1
139,89,1083.83,607.746,26.7723,25.4797,1,-1,-1,-1
139,87,1060.62,559.357,24.8619,24.872,1,-1,-1,-1
139,77,1104.84,656.523,29.5894,29.5536,1,-1,-1,-1
139,12,1078.93,629.688,27.2052,26.3008,1,-1,-1,-1
139,9,1126.18,752.704,33.3123,33.0609,1,-1,-1,-1
139,8,1029.6,630.03,28.2362,27.0295,1,-1,-1,-1
139,7,1031.19,549.702,25.0736,24.8391,1,-1,-1,-1
139,6,1129.49,834.1,36.8248,35.4061,1,-1,-1,-1
139,3,1113.58,700.363,33.3099,29.9005,1,-1,-1,-1
139,2,1061.6,876.896,38.6582,36.6405,1,-1,-1,-1
140,104,811.682,438.901,28.7907,27.8658,1,-1,-1,-1
140,102,914.936,536.332,24.0722,24.4688,1,-1,-1,-1
140,100,1042.51,461.965,20.072,21.5573,1,-1,-1,-1
140,96,1030.32,498.564,23.7771,24.1475,1,-1,-1,-1
140,89,1081.29,609.466,27.238,24.9428,1,-1,-1,-1
140,87,1059.42,559.854,24.8564,24.6633,1,-1,-1,-1
140,77,1102.2,658.16,31.0282,28.8976,1,-1,-1,-1
140,76,1090.21,582.613,25.7124,26.1176,1,-1,-1,-1
140,71,931.447,550.532,24.3373,24.1485,1,-1,-1,-1
140,12,1077.12,629.588,27.5167,25.7377,1,-1,-1,-1
140,9,1124.06,754.212,33.2065,32.3079,1,-1,-1,-1
140,8,1024.81,631.426,28.6807,27.418,1,-1,-1,-1
140,7,1028.8,550.9,24.6991,24.9457,1,-1,-1,-1
140,5,1114.99,730.442,31.1718,30.6657,1,-1,-1,-1
140,3,1111.77,701.43,32.4026,29.5325,1,-1,-1,-1
140,2,1058.8,878.207,39.0229,38.5815,1,-1,-1,-1
141,106,1095.35,793.556,52.0371,50.7481,1,-1,-1,-1
141,105,1114.71,870.333,56.2021,47.66,1,-1,-1,-1
141,104,807.757,437.118,29.2483,37.4458,1,-1,-1,-1
141,102,911.853,536.515,23.7759,23.8418,1,-1,-1,-1
141,77,1098.58,660.047,31.6558,28.894,1,-1,-1,-1
141,76,1085.55,583.005,26.3745,27.2142,1,-1,-1,-1
141,12,1073.21,629.381,27.7141,25.8679,1,-1,-1,-1
141,9,1121.28,755.201,33.9652,33.7436,1,-1,-1,-1
141,8,1017.29,634.097,30.3088,28.9409,1,-1,-1,-1
141,7,1025.52,553.21,24.915,24.5873,1,-1,-1,-1
141,6,1123.23,837.381,37.9393,33.4053,1,-1,-1,-1
141,5,1111.85,732.052,31.3766,30.1357,1,-1,-1,-1
141,3,1108.96,702.716,32.6508,29.3374,1,-1,-1,-1
141,2,1056.5,880.154,38.522,38.1906,1,-1,-1,-1
142,108,1065.2,753.792,49.4032,41.9382,1,-1,-1,-1
142,107,1091.61,846.478,46.4603,39.8369,1,-1,-1,-1
142,102,909.823,536.914,23.2512,23.8733,1,-1,-1,-1
142,87,1055.23,561.033,25.1071,25.1527,1,-1,-1,-1
142,77,1094.57,661.251,29.6785,28.7479,1,-1,-1,-1
142,76,1081.84,585.726,26.302,26.6351,1,-1,-1,-1
142,71,923.211,553.576,24.179,24.3376,1,-1,-1,-1
142,12,1070.7,629.943,28.4238,25.2929,1,-1,-1,-1
142,9,1119.03,757.336,32.9767,32.4869,1,-1,-1,-1
142,8,1012.56,636.137,29.1722,29.0314,1,-1,-1,-1
142,7,1021.03,554.584,25.8043,24.6618,1,-1,-1,-1
142,6,1124.78,838.859,32.8416,34.4006,1,-1,-1,-1
142,5,1109.24,732.658,31.2754,30.7952,1,-1,-1,-1
142,3,1104.62,704.615,33.6735,28.6696,1,-1,-1,-1
142,2,1053.58,882.535,38.6758,37.8186,1,-1,-1,-1
143,110,1039.23,724.504,46.5181,42.0303,1,-1,-1,-1
143,109,1068.87,830.544,45.4253,37.7827,1,-1,-1,-1
143,87,1052.89,563.371,24.9709,24.4554,1,-1,-1,-1
143,76,1076.53,587.203,25.5299,26.3498,1,-1,-1,-1
143,71,918.686,556.388,24.6699,25.0416,1,-1,-1,-1
143,12,1069.26,630.173,27.6544,26.0344,1,-1,-1,-1
143,9,1114.1,759.51,34.7893,33.2839,1,-1,-1,-1
143,8,1005.84,639.419,29.4804,28.5396,1,-1,-1,-1
143,7,1018.7,556.751,25.0954,24.874,1,-1,-1,-1
143,6,1119.19,841.381,35.9065,35.6326,1,-1,-1,-1
143,5,1104.94,735.857,31.5504,30.4207,1,-1,-1,-1
143,3,1100.88,707.237,34.0221,29.3347,1,-1,-1,-1
143,2,1049.89,884.76,38.4729,37.7687,1,-1,-1,-1
144,114,1064.9,469.901,20.6871,20.2957,1,-1,-1,-1
144,113,831.507,473.718,32.6352,43.7095,1,-1,-1,-1
144,112,944.209,477.628,22.0082,22.7429,1,-1,-1,-1
144,111,1019.86,709.565,40.7955,33.8528,1,-1,-1,-1
144,109,1051.24,823.755,40.6309,33.7851,1,-1,-1,-1
144,102,901.999,541.043,25.1263,25.8055,1,-1,-1,-1
144,100,1030.14,470.446,20.0812,21.1673,1,-1,-1,-1
144,87,1051.11,566.55,25.0322,25.0173,1,-1,-1,-1
144,9,1111.76,764.139,34.1453,32.9148,1,-1,-1,-1
144,8,1001.31,644.682,29.7457,29.0536,1,-1,-1,-1
144,7,1015.71,560.564,25.2281,25.4926,1,-1,-1,-1
144,6,1115.61,845.836,37.0592,36.0621,1,-1,-1,-1
144,5,1103.17,739.766,31.3682,29.9223,1,-1,-1,-1
144,3,1099.86,711.068,32.647,30.2638,1,-1,-1,-1
144,2,1047.65,889.327,38.5114,37.197,1,-1,-1,-1
145,116,1001.09,697.337,36.1719,30.3979,1,-1,-1,-1
145,115,1037.12,802.232,35.9315,39.6571,1,-1,-1,-1
145,114,1062.58,471.063,20.1018,20.3202,1,-1,-1,-1
145,113,831.239,456.744,34.1974,40.4107,1,-1,-1,-1
145,102,901.118,541.217,22.7009,23.1625,1,-1,-1,-1
145,87,1049.01,567.116,25.4598,25.0212,1,-1,-1,-1
145,9,1108.57,764.959,33.8674,33.3749,1,-1,-1,-1
145,8,994.966,646.579,29.03,28.8253,1,-1,-1,-1
145,7,1011.95,561.198,24.5636,25.6124,1,-1,-1,-1
145,6,1111.68,846.648,36.5295,36.3981,1,-1,-1,-1
145,5,1099.76,741.415,30.7916,31.1322,1,-1,-1,-1
145,3,1095.65,712.139,34.0282,30.0818,1,-1,-1,-1
145,2,1043.99,890.6,38.5651,37.9267,1,-1,-1,-1
146,118,1059.84,622.161,26.7555,21.3852,1,-1,-1,-1
146,117,1027.09,764.971,35.6707,38.8117,1,-1,-1,-1
146,116,982.966,693.132,33.9421,27.6867,1,-1,-1,-1
146,113,830.716,451.634,49.6002,40.098,1,-1,-1,-1
146,77,1080.79,672.967,30.4052,27.882,1,-1,-1,-1
146,76,1061.55,595.248,26.3086,26.5181,1,-1,-1,-1
146,12,1058.44,637.974,27.4001,25.9529,1,-1,-1,-1
146,9,1102.98,769.124,34.0797,32.9835,1,-1,-1,-1
146,8,986.64,650.764,29.0101,28.7968,1,-1,-1,-1
146,7,1006.67,565.652,25.105,24.843,1,-1,-1,-1
146,6,1106.52,850.894,37.2684,36.0056,1,-1,-1,-1
146,5,1093.79,744.431,31.6281,30.4883,1,-1,-1,-1
146,3,1090.02,715.872,32.4125,28.8329,1,-1,-1,-1
146,2,1038.13,894.518,39.9825,37.9783,1,-1,-1,-1
147,119,974.525,669.301,30.629,29.8549,1,-1,-1,-1
147,113,829.971,459.667,50.6757,42.0733,1,-1,-1,-1
147,110,1024.17,729.637,34.3917,37.0627,1,-1,-1,-1
147,98,955.564,478.088,22.4373,23.091,1,-1,-1,-1
147,77,1080.1,675.069,29.8595,27.863,1,-1,-1,-1
147,76,1059.75,597.398,26.2997,25.8839,1,-1,-1,-1
147,12,1058.02,639.872,27.1499,25.1705,1,-1,-1,-1
147,9,1102.25,771.321,34.3562,33.6104,1,-1,-1,-1
147,8,984.585,653.505,28.463,27.7583,1,-1,-1,-1
147,7,1005.52,567.265,25.0264,25.0243,1,-1,-1,-1
147,6,1106.04,852.711,37.1379,36.1801,1,-1,-1,-1
147,5,1093.26,746.513,31.1316,30.2891,1,-1,-1,-1
147,3,1089.45,718.316,32.1707,28.5047,1,-1,-1,-1
147,2,1037.48,896.736,39.7162,37.5098,1,-1,-1,-1
148,120,968.956,633.185,28.233,33.7424,1,-1,-1,-1
148,113,822.096,475.102,51.7949,45.0941,1,-1,-1,-1
148,111,1020.19,698.484,33.5522,34.6559,1,-1,-1,-1
148,102,891.102,544.694,24.9021,24.9178,1,-1,-1,-1
148,98,955.944,479.023,22.3292,22.7864,1,-1,-1,-1
148,77,1080.42,675.938,29.2142,27.8271,1,-1,-1,-1
148,76,1058.82,598.141,26.0559,25.5512,1,-1,-1,-1
148,71,901.285,569.256,24.8821,25.4301,1,-1,-1,-1
148,12,1058.11,640.643,27.2249,24.4481,1,-1,-1,-1
148,9,1102.07,772.656,34.3524,33.517,1,-1,-1,-1
148,8,982.927,657.288,27.8405,28.4139,1,-1,-1,-1
148,7,1005.76,567.973,24.6577,25.0674,1,-1,-1,-1
148,6,1105.76,854.366,36.9423,35.8445,1,-1,-1,-1
148,5,1092.98,747.523,31.1891,30.2193,1,-1,-1,-1
148,3,1089.49,720.047,32.4779,28.6617,1,-1,-1,-1
148,2,1037.32,898.33,39.8866,37.3677,1,-1,-1,-1
149,123,1020.41,532.289,21.6059,22.5777,1,-1,-1,-1
149,122,959.368,605.549,29.6,32.4683,1,-1,-1,-1
149,121,1014.52,672.934,33.0593,33.2057,1,-1,-1,-1
149,113,817.833,492.432,37.2571,37.6545,1,-1,-1,-1
149,102,889.399,544.824,25.2937,25.9373,1,-1,-1,-1
149,98,954.9,480.266,20.6251,21.7151,1,-1,-1,-1
149,77,1078.94,677.607,29.7572,28.8576,1,-1,-1,-1
149,76,1054.53,599.16,26.2213,25.3073,1,-1,-1,-1
149,71,898.812,571.032,25.0595,26.0396,1,-1,-1,-1
149,12,1056.23,641.451,28.2224,25.1414,1,-1,-1,-1
149,9,1100.49,773.865,34.7407,34.0514,1,-1,-1,-1
149,8,976.997,659.117,29.0397,28.6992,1,-1,-1,-1
149,7,1004.06,569.022,24.9188,25.1409,1,-1,-1,-1
149,6,1103.23,856.454,37.4799,36.6857,1,-1,-1,-1
149,5,1090.95,749.612,32.1923,31.0446,1,-1,-1,-1
149,3,1087.76,721.237,33.8066,29.809,1,-1,-1,-1
149,2,1035.91,901.343,39.6888,37.6589,1,-1,-1,-1
150,126,1081.25,706.755,31.7325,22.8136,1,-1,-1,-1
150,125,1007.38,654.197,32.0342,32.0409,1,-1,-1,-1
150,124,949.907,583.25,28.5797,30.329,1,-1,-1,-1
150,102,886.239,545.838,26.1912,25.4413,1,-1,-1,-1
150,87,1042.62,573.998,26.7284,25.264,1,-1,-1,-1
150,76,1051.28,601.241,25.8922,25.078,1,-1,-1,-1
150,71,893.123,573.873,25.9125,25.4813,1,-1,-1,-1
150,9,1097.42,776.572,34.1227,33.2285,1,-1,-1,-1
150,8,971.943,661.763,28.7703,28.7762,1,-1,-1,-1
150,7,999.756,571.001,26.0466,25.8295,1,-1,-1,-1
150,6,1100.91,859.699,36.4882,35.7966,1,-1,-1,-1
150,5,1087.74,752.84,31.283,31.7349,1,-1,-1,-1
150,3,1083.23,723.003,34.4677,30.0156,1,-1,-1,-1
150,2,1032.41,904.326,39.0182,37.723,1,-1,-1,-1
