1,14,581.583,349.385,99.2627,80.0978,1,-1,-1,-1
1,13,724.183,238.76,75.718,76.9271,1,-1,-1,-1
1,12,879.102,137.743,62.1146,59.1675,1,-1,-1,-1
1,11,569.541,253.021,96.3599,77.4026,1,-1,-1,-1
1,10,951.395,83.9592,58.9964,54.8146,1,-1,-1,-1
1,9,934.785,159.535,69.6915,64.4607,1,-1,-1,-1
1,8,823.872,245.854,78.2996,74.5163,1,-1,-1,-1
1,7,810.468,95.9978,70.3135,60.3755,1,-1,-1,-1
1,6,225.713,639.974,174.166,78.65,1,-1,-1,-1
1,5,663.391,153.695,93.1447,76.4906,1,-1,-1,-1
1,4,671.861,386.058,99.7097,87.2401,1,-1,-1,-1
1,3,391.807,371.187,117.87,94.0739,1,-1,-1,-1
1,2,857.505,319.989,89.4056,81.6268,1,-1,-1,-1
1,1,432.018,591.341,137.006,115.205,1,-1,-1,-1
2,17,957.072,18.0046,54.9207,44.007,1,-1,-1,-1
2,16,1021.81,249.812,50.9896,54.4837,1,-1,-1,-1
2,15,879.592,62.1172,59.0098,52.3891,1,-1,-1,-1
2,14,588.218,347.961,96.9167,78.4551,1,-1,-1,-1
2,13,726.404,239.27,74.7958,74.5695,1,-1,-1,-1
2,12,879.029,134.404,61.426,57.4645,1,-1,-1,-1
2,11,572.047,250.716,96.0388,79.3852,1,-1,-1,-1
2,10,951.194,83.8986,59.5765,54.4023,1,-1,-1,-1
2,9,937.158,159.263,69.8961,63.2336,1,-1,-1,-1
2,8,825.409,245.697,78.1049,74.5825,1,-1,-1,-1
2,7,810.639,95.3543,71.1577,60.9456,1,-1,-1,-1
2,6,246.385,629.721,166.064,88.6461,1,-1,-1,-1
2,5,663.443,153.545,91.8754,76.6672,1,-1,-1,-1
2,4,672.839,387.03,99.7526,85.3539,1,-1,-1,-1
2,3,394.515,370.507,121.046,91.5373,1,-1,-1,-1
2,2,857.655,317.654,91.4954,81.4704,1,-1,-1,-1
2,1,432.78,586.98,138.28,117.209,1,-1,-1,-1
3,11,571.42,251.126,97.5074,80.2746,1,-1,-1,-1
3,7,810.958,94.4905,70.5377,62.1637,1,-1,-1,-1
3,6,258.691,621.718,163.706,96.4688,1,-1,-1,-1
3,5,662.836,151.812,92.6174,78.7658,1,-1,-1,-1
3,4,672.603,385.841,100.428,86.184,1,-1,-1,-1
3,3,392.649,368.257,124.258,93.4615,1,-1,-1,-1
3,2,857.574,315.906,91.4717,82.5886,1,-1,-1,-1
3,1,435.926,588.942,139.206,117.561,1,-1,-1,-1
4,13,727.164,239.832,76.3308,73.2661,1,-1,-1,-1
4,11,572.741,251.469,96.4067,78.2864,1,-1,-1,-1
4,10,951,83.5661,59.904,55.0584,1,-1,-1,-1
4,9,937.048,158.579,71.8561,63.6359,1,-1,-1,-1
4,8,825.481,245.063,79.8187,75.4293,1,-1,-1,-1
4,7,811.175,94.707,71.0327,61.7599,1,-1,-1,-1
4,6,269.679,612.674,157.657,102.769,1,-1,-1,-1
4,5,663.803,152,93.3661,78.1394,1,-1,-1,-1
4,4,673.752,385.675,98.8756,84.0882,1,-1,-1,-1
4,3,400.071,365.741,124.353,91.5415,1,-1,-1,-1
4,2,857.492,315.237,92.6942,83.1587,1,-1,-1,-1
4,1,438.15,585.448,136.23,114.82,1,-1,-1,-1
5,14,596.187,341.497,98.1181,79.5468,1,-1,-1,-1
5,13,726.878,240.969,76.6733,72.4352,1,-1,-1,-1
5,11,572.746,251.637,96.8293,78.5061,1,-1,-1,-1
5,10,951.056,83.5514,59.7903,55.2178,1,-1,-1,-1
5,9,937.056,158.382,71.6012,63.5215,1,-1,-1,-1
5,8,825.273,245.129,80.4436,75.8739,1,-1,-1,-1
5,7,811.216,94.7901,71.0289,61.637,1,-1,-1,-1
5,6,269.624,612.688,157.737,102.76,1,-1,-1,-1
5,5,664.245,152.813,93.3998,77.5721,1,-1,-1,-1
5,4,673.607,386.214,99.3916,83.7713,1,-1,-1,-1
5,3,401.704,365.673,122.298,90.7917,1,-1,-1,-1
5,2,857.426,315.451,92.7222,83.1222,1,-1,-1,-1
5,1,438.271,585.425,136.097,114.74,1,-1,-1,-1
6,8,822.808,241.944,87.6791,79.911,1,-1,-1,-1
6,7,811.711,94.6646,71.5646,60.7043,1,-1,-1,-1
6,6,275.579,603.45,167.657,108.126,1,-1,-1,-1
6,5,664.712,152.249,93.4686,77.6407,1,-1,-1,-1
6,4,675.924,384.314,98.692,84.4727,1,-1,-1,-1
6,3,400.732,364.978,125.18,90.1565,1,-1,-1,-1
6,2,857.86,314.882,94.1129,82.5977,1,-1,-1,-1
6,1,440.492,583.424,135.58,115.642,1,-1,-1,-1
7,4,675.754,382.721,100.259,85.355,1,-1,-1,-1
7,2,862.412,313.372,90.6299,84.1656,1,-1,-1,-1
7,1,440.785,585.033,137.056,114.478,1,-1,-1,-1
8,18,0.88087,552.005,109.306,140.699,1,-1,-1,-1
8,14,617.873,325.837,95.9673,77.1996,1,-1,-1,-1
8,13,732.089,236.45,78.046,71.7545,1,-1,-1,-1
8,11,584.348,241.182,90.8843,78.1398,1,-1,-1,-1
8,9,939.308,154.098,72.9745,63.2025,1,-1,-1,-1
8,8,832.793,241.304,78.5932,74.2499,1,-1,-1,-1
8,5,678.962,151.845,83.0117,64.5534,1,-1,-1,-1
8,4,682.661,379.464,98.0433,82.5582,1,-1,-1,-1
8,3,426.402,357.85,104.058,83.592,1,-1,-1,-1
8,2,863.438,311.929,92.3373,81.569,1,-1,-1,-1
9,4,682.414,379.408,98.3937,82.7749,1,-1,-1,-1
9,3,426.145,357.498,104.511,84.1023,1,-1,-1,-1
9,2,863.448,311.439,92.3289,81.9963,1,-1,-1,-1
10,5,681.313,149.911,83.0095,66.9628,1,-1,-1,-1
10,4,682.612,379.031,97.7258,82.8781,1,-1,-1,-1
10,3,426.108,358.037,104.904,84.7516,1,-1,-1,-1
10,2,863.528,311.395,92.2717,81.8723,1,-1,-1,-1
11,18,0.607096,540.067,125.012,152.488,1,-1,-1,-1
11,14,622.633,321.805,96.4447,74.5694,1,-1,-1,-1
11,13,732.087,237.037,78.1072,71.0722,1,-1,-1,-1
11,11,585.242,242.026,91.0414,75.9928,1,-1,-1,-1
11,5,680.889,149.913,84.2801,66.9876,1,-1,-1,-1
11,4,684.672,378.507,95.9075,82.014,1,-1,-1,-1
11,3,427.856,357.458,103.389,84.1882,1,-1,-1,-1
11,2,865.395,310.947,90.3774,81.2368,1,-1,-1,-1
11,1,459.588,578.523,125.338,106.965,1,-1,-1,-1
12,19,343.456,558.95,246.325,125.485,1,-1,-1,-1
12,18,0.646619,537.51,132.229,149.471,1,-1,-1,-1
12,13,732.586,235.897,78.5829,73.3212,1,-1,-1,-1
12,11,586.965,241.605,90.8226,76.918,1,-1,-1,-1
12,9,945.048,154.887,69.775,60.9092,1,-1,-1,-1
12,8,834.228,239.706,78.7364,74.8831,1,-1,-1,-1
12,6,342.59,552.661,116.107,104.212,1,-1,-1,-1
12,5,682.047,149.891,84.1819,66.5688,1,-1,-1,-1
12,4,684.819,379.589,97.3359,81.9298,1,-1,-1,-1
12,3,429.262,357.192,102.51,82.6077,1,-1,-1,-1
12,2,866.603,308.084,89.7988,81.8127,1,-1,-1,-1
12,1,468.897,576.204,118.362,104.72,1,-1,-1,-1
13,20,1214.02,58.0453,64.6954,46.3944,1,-1,-1,-1
13,19,352.548,552.42,236.988,131.546,1,-1,-1,-1
13,18,0.875356,531.07,139.887,153.769,1,-1,-1,-1
13,15,886.193,58.0849,58.2862,51.0079,1,-1,-1,-1
13,14,628.43,317.803,98.6801,72.6369,1,-1,-1,-1
13,13,732.99,234.666,79.1912,71.289,1,-1,-1,-1
13,12,885.244,129.842,62.8871,60.3058,1,-1,-1,-1
13,11,592.835,242.73,84.4944,71.6748,1,-1,-1,-1
13,10,954.366,80.8593,58.2867,56.5734,1,-1,-1,-1
13,9,946.117,154.573,68.795,60.8014,1,-1,-1,-1
13,8,834.399,239.338,78.6514,73.846,1,-1,-1,-1
13,7,821.242,93.4106,67.9209,60.0375,1,-1,-1,-1
13,6,352.761,544.038,113.241,108.187,1,-1,-1,-1
13,5,683.512,149.333,84.2068,65.9125,1,-1,-1,-1
13,4,686.872,374.863,98.0153,83.7499,1,-1,-1,-1
13,3,431.758,355.939,105.738,81.532,1,-1,-1,-1
13,2,865.978,306.46,90.6464,83.144,1,-1,-1,-1
13,1,470.802,575.097,116.83,105.062,1,-1,-1,-1
14,20,1214.01,57.8939,64.7231,46.3806,1,-1,-1,-1
14,18,1.12507,524.864,144.594,146.642,1,-1,-1,-1
14,17,960.766,17.0137,52.5471,44.3116,1,-1,-1,-1
14,16,1020.49,249.021,53.5494,58.2025,1,-1,-1,-1
14,15,886.682,58.0683,57.3969,50.7877,1,-1,-1,-1
14,14,633.298,314.343,97.8132,72.9773,1,-1,-1,-1
14,13,733.961,231.971,78.61,73.4753,1,-1,-1,-1
14,12,885.14,129.263,63.0956,60.6585,1,-1,-1,-1
14,11,593.592,241.825,86.1362,67.8447,1,-1,-1,-1
14,10,954.61,80.9222,58.2692,55.1826,1,-1,-1,-1
14,9,945.563,154.423,69.8855,61.1747,1,-1,-1,-1
14,8,834.755,238.058,78.7191,74.8117,1,-1,-1,-1
14,7,821.471,93.5397,67.8541,59.4597,1,-1,-1,-1
14,6,360.016,549.164,106.115,96.8068,1,-1,-1,-1
14,5,685.204,148.267,85.197,66.584,1,-1,-1,-1
14,4,687.391,374.666,98.0957,83.5965,1,-1,-1,-1
14,3,437.361,353.953,107.192,84.6041,1,-1,-1,-1
14,2,866.192,306.883,91.8121,81.851,1,-1,-1,-1
14,1,483.804,573.758,106.354,98.2462,1,-1,-1,-1
15,21,1036.7,15.1304,49.5046,45.2167,1,-1,-1,-1
15,20,1214.05,57.9294,64.6309,46.3195,1,-1,-1,-1
15,18,1.39425,517.047,160.572,137.413,1,-1,-1,-1
15,17,960.836,17.2789,51.8253,43.9152,1,-1,-1,-1
15,16,1020.55,249.283,53.5759,57.8198,1,-1,-1,-1
15,15,887.206,58.0837,56.3735,50.1115,1,-1,-1,-1
15,14,642.413,310.067,88.6694,66.8026,1,-1,-1,-1
15,13,733.362,230.558,79.5729,72.9241,1,-1,-1,-1
15,12,885.164,129.021,62.9091,60.3647,1,-1,-1,-1
15,11,596.169,240.822,87.4759,67.9755,1,-1,-1,-1
15,10,954.917,80.8936,57.3477,54.5736,1,-1,-1,-1
15,9,945.659,154.187,69.2238,61.2128,1,-1,-1,-1
15,8,836.56,234.405,78.5043,74.0664,1,-1,-1,-1
15,7,821.431,93.0458,67.871,59.5965,1,-1,-1,-1
15,6,378.392,529.778,95.7918,104.801,1,-1,-1,-1
15,5,688.318,145.827,82.3351,66.4137,1,-1,-1,-1
15,4,690.317,372.745,98.7422,84.0616,1,-1,-1,-1
15,3,443.661,348.847,102.997,81.9707,1,-1,-1,-1
15,2,870.105,304.775,90.16,82.3049,1,-1,-1,-1
15,1,482.194,572.102,113.194,102.3,1,-1,-1,-1
16,20,1213.99,57.6772,64.6897,46.7032,1,-1,-1,-1
16,18,1.94493,511.15,168.585,129.329,1,-1,-1,-1
16,17,958.623,17.1877,53.0259,44.7287,1,-1,-1,-1
16,16,1020.44,249.044,53.3539,58.2511,1,-1,-1,-1
16,15,885.485,56.911,66.2507,52.8782,1,-1,-1,-1
16,14,634.099,304.142,105.605,76.217,1,-1,-1,-1
16,13,733.664,231.089,80.1951,73.5414,1,-1,-1,-1
16,12,885.495,129.505,62.5688,59.1129,1,-1,-1,-1
16,11,598.062,238.088,86.8638,67.4232,1,-1,-1,-1
16,10,953.134,78.9807,60.4661,55.6914,1,-1,-1,-1
16,9,946.498,152.507,68.2597,62.5103,1,-1,-1,-1
16,8,836.44,237.728,78.5356,71.6197,1,-1,-1,-1
16,7,820.804,92.0167,70.2927,58.405,1,-1,-1,-1
16,5,687.552,147.227,85.1588,66.1818,1,-1,-1,-1
16,4,691.417,373.148,98.9062,82.6992,1,-1,-1,-1
16,3,443.353,345.39,105.277,82.4565,1,-1,-1,-1
16,2,870.554,303.927,89.6851,81.0736,1,-1,-1,-1
16,1,480.211,570.446,115.829,106.874,1,-1,-1,-1
17,20,1214.04,57.7277,64.6256,46.5129,1,-1,-1,-1
17,18,1.546,505.189,173.93,135.782,1,-1,-1,-1
17,17,958.898,17.2829,52.4789,44.6579,1,-1,-1,-1
17,16,1020.55,249.302,53.0617,57.9324,1,-1,-1,-1
17,15,886.585,56.6033,65.7811,52.6387,1,-1,-1,-1
17,14,658.091,303.522,84.2714,66.1152,1,-1,-1,-1
17,13,734.683,231.013,80.1672,74.2756,1,-1,-1,-1
17,12,885.625,129.23,62.7166,59.775,1,-1,-1,-1
17,11,600.084,236.396,86.5043,68.7651,1,-1,-1,-1
17,10,952.768,80.6143,59.8574,55.3009,1,-1,-1,-1
17,9,947.09,151.22,67.3495,62.7887,1,-1,-1,-1
17,8,836.74,236.6,80.4524,72.1435,1,-1,-1,-1
17,7,822.346,91.111,69.6392,58.4843,1,-1,-1,-1
17,5,688.155,145.672,85.8264,65.8354,1,-1,-1,-1
17,4,693.43,373.546,97.4285,80.7034,1,-1,-1,-1
17,3,446.38,344.514,102.744,80.5775,1,-1,-1,-1
17,2,870.544,303.983,90.6987,80.2901,1,-1,-1,-1
17,1,479.928,569.514,116.79,106.685,1,-1,-1,-1
18,20,1214.08,57.6911,64.5514,46.4537,1,-1,-1,-1
18,18,3.02624,499.073,179.544,133.036,1,-1,-1,-1
18,16,1020.53,249.272,53.0876,57.9553,1,-1,-1,-1
18,15,887.173,56.3778,64.7642,51.9648,1,-1,-1,-1
18,14,658.571,302.214,83.4217,65.7395,1,-1,-1,-1
18,13,734.947,230.164,80.1951,73.5413,1,-1,-1,-1
18,12,885.803,129.544,62.5823,59.4398,1,-1,-1,-1
18,11,600.145,234.373,85.699,69.7944,1,-1,-1,-1
18,10,954.535,77.1203,57.2438,54.4939,1,-1,-1,-1
18,9,947.866,149.593,67.2313,62.8541,1,-1,-1,-1
18,8,837.057,236.441,80.7468,72.256,1,-1,-1,-1
18,7,822.173,91.1732,70.68,58.1996,1,-1,-1,-1
18,5,688.094,145.639,85.8438,66.1958,1,-1,-1,-1
18,4,696.308,372.993,94.5626,78.8795,1,-1,-1,-1
18,3,448.453,342.569,100.418,82.1627,1,-1,-1,-1
18,2,870.948,298.902,89.7689,82.4678,1,-1,-1,-1
18,1,483.941,566.707,114.301,111.81,1,-1,-1,-1
19,20,1214.07,57.6467,64.6567,46.3062,1,-1,-1,-1
19,18,4.22327,497.538,185.191,131.687,1,-1,-1,-1
19,17,959.34,19.059,51.2529,41.992,1,-1,-1,-1
19,16,1020.35,249.163,53.5041,58.0809,1,-1,-1,-1
19,15,886.083,56.0586,66.8861,53.4465,1,-1,-1,-1
19,14,652.243,295.727,97.6456,76.6991,1,-1,-1,-1
19,13,734.835,229.634,80.606,73.4744,1,-1,-1,-1
19,12,885.582,130.03,63.633,58.9047,1,-1,-1,-1
19,11,601.9,233.525,85.0099,68.8532,1,-1,-1,-1
19,10,953.87,76.849,57.9786,55.6532,1,-1,-1,-1
19,9,948.676,150.693,68.1823,60.572,1,-1,-1,-1
19,8,838.647,233.573,80.0521,73.9653,1,-1,-1,-1
19,7,824.222,89.9393,68.8517,56.8547,1,-1,-1,-1
19,6,395.868,506.723,112.172,94.1582,1,-1,-1,-1
19,5,688.202,145.547,85.7513,66.4943,1,-1,-1,-1
19,4,695.446,371.484,99.3434,80.5115,1,-1,-1,-1
19,3,449.903,342.144,101.432,82.9996,1,-1,-1,-1
19,2,871.168,298.595,91.2559,82.4863,1,-1,-1,-1
19,1,486.279,565.405,112.43,112.939,1,-1,-1,-1
20,20,1214.08,57.6236,64.6228,46.8625,1,-1,-1,-1
20,18,4.35766,497.597,184.99,132.223,1,-1,-1,-1
20,17,959.355,19.0982,51.1708,41.9632,1,-1,-1,-1
20,16,1020.35,249.282,53.4926,57.8858,1,-1,-1,-1
20,15,886.224,56.2667,66.5229,53.0181,1,-1,-1,-1
20,14,658.78,299.423,85.0081,67.9996,1,-1,-1,-1
20,13,734.728,228.646,80.9687,73.3291,1,-1,-1,-1
20,12,885.574,129.752,63.657,59.5364,1,-1,-1,-1
20,11,601.841,233.574,85.0513,68.8177,1,-1,-1,-1
20,10,954.131,77.2426,58.506,54.7451,1,-1,-1,-1
20,9,948.635,150.668,68.7999,60.5174,1,-1,-1,-1
20,8,838.689,233.624,80.0075,73.9742,1,-1,-1,-1
20,7,824.428,89.9809,68.6516,56.1746,1,-1,-1,-1
20,6,396.688,506.617,111.274,93.3265,1,-1,-1,-1
20,5,688.126,145.739,85.8471,66.0246,1,-1,-1,-1
20,4,695.466,371.588,99.2039,80.4958,1,-1,-1,-1
20,3,449.814,341.362,101.52,83.6274,1,-1,-1,-1
20,2,871.299,298.701,91.0876,82.5185,1,-1,-1,-1
20,1,487.361,565.412,111.338,112.679,1,-1,-1,-1
21,20,1214.1,57.6808,64.6052,46.6866,1,-1,-1,-1
21,18,12.4117,490.656,181.989,131.183,1,-1,-1,-1
21,16,1020.3,249.272,53.6511,57.8805,1,-1,-1,-1
21,15,886.426,56.5938,66.3978,52.2215,1,-1,-1,-1
21,14,641.654,294.441,111.153,81.861,1,-1,-1,-1
21,13,734.496,232.724,81.0145,70.2067,1,-1,-1,-1
21,12,885.818,130.332,63.4077,59.2867,1,-1,-1,-1
21,11,602.971,233.749,85.0472,67.109,1,-1,-1,-1
21,10,954.492,77.0531,59.6027,55.4337,1,-1,-1,-1
21,9,949.115,151.526,69.2812,59.206,1,-1,-1,-1
21,8,840.09,233.736,80.0018,70.5662,1,-1,-1,-1
21,7,823.606,88.8428,70.2176,59.0806,1,-1,-1,-1
21,6,390.647,506.048,131.017,89.532,1,-1,-1,-1
21,5,690.18,144.582,84.3399,67.2833,1,-1,-1,-1
21,4,696.369,368.606,98.7379,82.683,1,-1,-1,-1
21,3,450.731,339.028,102.468,84.9986,1,-1,-1,-1
21,2,874.39,297.487,88.6205,83.122,1,-1,-1,-1
21,1,491.375,565.135,113.398,111.797,1,-1,-1,-1
22,18,15.0105,488.379,185.413,122.639,1,-1,-1,-1
22,14,671.331,295.821,78.7691,65.3842,1,-1,-1,-1
22,13,743.59,232.648,73.523,68.9357,1,-1,-1,-1
22,12,887.149,129.651,61.656,59.3743,1,-1,-1,-1
22,11,608.71,232.05,81.4071,67.2758,1,-1,-1,-1
22,10,954.499,76.5024,61.0821,56.5509,1,-1,-1,-1
22,9,949.066,151.037,69.319,60.0802,1,-1,-1,-1
22,8,842.805,233.737,77.776,70.4511,1,-1,-1,-1
22,6,398.709,496.808,131.832,90.9902,1,-1,-1,-1
22,5,694.253,144.44,81.5625,65.2221,1,-1,-1,-1
22,4,698.24,368.939,98.3322,82.6393,1,-1,-1,-1
22,3,455.608,338.882,99.0878,83.7195,1,-1,-1,-1
22,2,875.995,297.342,88.1268,81.9876,1,-1,-1,-1
22,1,496.079,564.069,112.988,104.812,1,-1,-1,-1
23,18,36.2015,477.989,180.727,121.835,1,-1,-1,-1
23,14,683.414,284.962,82.9766,67.5673,1,-1,-1,-1
23,13,747.199,228.051,75.6078,69.5116,1,-1,-1,-1
23,11,614.16,226.4,83.497,71.7663,1,-1,-1,-1
23,9,956.487,149.117,67.8066,55.8105,1,-1,-1,-1
23,8,848.044,227.655,78.0987,73.7529,1,-1,-1,-1
23,6,407.696,483.899,139.731,91.4407,1,-1,-1,-1
23,5,702.419,143.013,81.8702,63.01,1,-1,-1,-1
23,4,705.477,363.464,95.8845,80.0787,1,-1,-1,-1
23,3,462.88,335.623,102.454,78.1348,1,-1,-1,-1
23,2,880.692,293.581,88.6935,80.0853,1,-1,-1,-1
23,1,506.76,555.545,102.627,106.939,1,-1,-1,-1
24,18,36.0289,477.835,181.079,121.794,1,-1,-1,-1
24,15,892.4,51.6824,63.7341,59.1609,1,-1,-1,-1
24,14,683.201,284.87,83.2787,67.6635,1,-1,-1,-1
24,13,747.02,227.729,76.0843,69.5354,1,-1,-1,-1
24,12,893.85,126.912,60.8702,54.8507,1,-1,-1,-1
24,11,614.082,226.275,83.3466,71.8788,1,-1,-1,-1
24,10,960.132,74.3808,59.4167,55.0948,1,-1,-1,-1
24,9,957.358,146.201,67.2561,58.8502,1,-1,-1,-1
24,8,848.495,227.134,77.9233,73.548,1,-1,-1,-1
24,7,831.802,85.3857,69.1795,61.4087,1,-1,-1,-1
24,6,407.519,483.773,139.942,91.7195,1,-1,-1,-1
24,5,702.463,140.978,83.7388,64.8674,1,-1,-1,-1
24,4,705.289,363.276,96.1978,80.4388,1,-1,-1,-1
24,3,462.8,334.669,102.824,77.9697,1,-1,-1,-1
24,2,881.018,293.342,89.2739,80.7926,1,-1,-1,-1
24,1,506.655,555.482,102.943,106.998,1,-1,-1,-1
25,18,38.4266,469.701,183.865,119.828,1,-1,-1,-1
25,14,687.614,280.254,81.4644,67.6049,1,-1,-1,-1
25,13,747.745,226.163,75.4251,68.237,1,-1,-1,-1
25,12,893.264,125.727,61.3691,55.1454,1,-1,-1,-1
25,11,611.287,222.854,91.4352,76.8814,1,-1,-1,-1
25,9,957.659,144.23,68.3281,60.0307,1,-1,-1,-1
25,8,849.368,225.873,76.6619,73.139,1,-1,-1,-1
25,6,408.291,475.306,146.399,96.4745,1,-1,-1,-1
25,5,702.836,138.378,82.7915,65.3994,1,-1,-1,-1
25,4,706.992,360.768,95.0084,79.2289,1,-1,-1,-1
25,3,464.243,331.617,102.23,78.4253,1,-1,-1,-1
25,2,881.334,292.553,89.3334,79.6954,1,-1,-1,-1
25,1,506.051,555.819,103.758,99.7427,1,-1,-1,-1
26,18,45.6229,458.523,186.748,119.669,1,-1,-1,-1
26,15,899.259,40.8454,61.8904,52.6751,1,-1,-1,-1
26,14,692.252,273.49,79.7533,64.7723,1,-1,-1,-1
26,13,751.296,219.478,75.7643,65.6705,1,-1,-1,-1
26,12,899.228,115.271,60.4147,54.8345,1,-1,-1,-1
26,11,618.771,217.088,85.4932,70.3372,1,-1,-1,-1
26,10,967.157,65.6785,56.5882,53.0135,1,-1,-1,-1
26,9,962.632,136.097,67.4904,59.5349,1,-1,-1,-1
26,8,853.713,217.513,76.234,72.3503,1,-1,-1,-1
26,7,838.249,74.5105,66.3324,61.6079,1,-1,-1,-1
26,6,417.695,463.639,152.348,92.4034,1,-1,-1,-1
26,5,707.754,130.978,83.8642,64.1116,1,-1,-1,-1
26,4,711.853,352.696,96.2811,77.7016,1,-1,-1,-1
26,3,469.897,323.434,101.403,78.1434,1,-1,-1,-1
26,2,887.108,282.253,87.8224,79.0332,1,-1,-1,-1
26,1,512.095,544.671,104.707,102.769,1,-1,-1,-1
27,18,45.5653,458.492,186.816,119.775,1,-1,-1,-1
27,15,899.325,40.9184,61.8633,52.5001,1,-1,-1,-1
27,14,692.218,273.469,79.8307,64.8173,1,-1,-1,-1
27,13,751.276,219.456,75.8173,65.7278,1,-1,-1,-1
27,12,899.221,115.24,60.405,54.9079,1,-1,-1,-1
27,11,618.732,217.08,85.5462,70.3722,1,-1,-1,-1
27,9,962.65,136.152,67.3953,59.4901,1,-1,-1,-1
27,8,853.747,217.517,76.2039,72.3536,1,-1,-1,-1
27,7,838.241,74.5107,66.3599,61.6292,1,-1,-1,-1
27,6,417.608,463.557,152.495,92.5616,1,-1,-1,-1
27,5,707.725,130.974,83.9363,64.1868,1,-1,-1,-1
27,4,711.831,352.665,96.3173,77.755,1,-1,-1,-1
27,3,469.861,323.4,101.468,78.2085,1,-1,-1,-1
27,2,887.113,282.241,87.7378,79.0687,1,-1,-1,-1
27,1,512.059,544.629,104.824,102.891,1,-1,-1,-1
28,18,45.5373,458.467,186.867,119.842,1,-1,-1,-1
28,15,899.322,40.9143,61.8906,52.4857,1,-1,-1,-1
28,14,692.214,273.431,79.8406,64.8987,1,-1,-1,-1
28,13,751.271,219.43,75.811,65.7171,1,-1,-1,-1
28,12,899.199,115.212,60.4764,54.9351,1,-1,-1,-1
28,11,618.735,217.061,85.5184,70.4018,1,-1,-1,-1
28,10,967.136,65.6669,56.6212,53.02,1,-1,-1,-1
28,9,962.645,136.095,67.4455,59.5742,1,-1,-1,-1
28,8,853.762,217.516,76.1807,72.3251,1,-1,-1,-1
28,7,838.223,74.5043,66.415,61.6389,1,-1,-1,-1
28,6,417.569,463.501,152.528,92.6218,1,-1,-1,-1
28,5,707.733,130.953,83.9329,64.1565,1,-1,-1,-1
28,4,711.827,352.592,96.2258,77.8905,1,-1,-1,-1
28,3,469.857,323.396,101.488,78.2214,1,-1,-1,-1
28,2,887.103,282.22,87.7769,79.0575,1,-1,-1,-1
28,1,512.037,544.617,104.821,102.846,1,-1,-1,-1
29,18,73.8493,431.06,174.757,115.084,1,-1,-1,-1
29,15,901.489,39.428,58.386,42.0976,1,-1,-1,-1
29,14,710.3,249.251,69.1556,65.4622,1,-1,-1,-1
29,13,761.894,198.687,74.7955,67.2225,1,-1,-1,-1
29,12,905.871,96.6088,61.1062,55.9807,1,-1,-1,-1
29,11,629.695,197.551,88.602,69.5707,1,-1,-1,-1
29,9,971.076,116.893,66.4489,58.3516,1,-1,-1,-1
29,8,860.878,198.212,75.1589,72.3011,1,-1,-1,-1
29,7,846.539,67.8518,62.0382,50.2314,1,-1,-1,-1
29,6,428.878,432.477,162.744,101.031,1,-1,-1,-1
29,5,719.295,111.085,80.051,67.1666,1,-1,-1,-1
29,4,719.455,333.485,98.0927,77.8376,1,-1,-1,-1
29,3,475.338,300.87,102.698,79.2928,1,-1,-1,-1
29,2,895.086,263.603,89.2715,79.635,1,-1,-1,-1
29,1,519.79,516.115,105.652,110.711,1,-1,-1,-1
30,18,93.3149,411.759,176.849,114.856,1,-1,-1,-1
30,15,906.904,17.4641,60.8339,53.4496,1,-1,-1,-1
30,14,716.381,237.581,71.8817,64.8719,1,-1,-1,-1
30,13,764.853,191.751,73.157,66.3219,1,-1,-1,-1
30,12,907.904,91.8727,61.9017,55.2651,1,-1,-1,-1
30,11,631.372,189.159,88.0175,70.4195,1,-1,-1,-1
30,10,975.268,42.2672,57.2543,51.6935,1,-1,-1,-1
30,9,973.971,109.912,66.0443,57.2599,1,-1,-1,-1
30,8,865.046,192.069,75.2247,70.9094,1,-1,-1,-1
30,7,848.803,50.9116,65.7086,62.2546,1,-1,-1,-1
30,6,444.79,412.103,169.548,90.3758,1,-1,-1,-1
30,5,722.137,104.66,79.7245,65.1031,1,-1,-1,-1
30,4,723.492,323.737,98.2914,79.3436,1,-1,-1,-1
30,3,480.897,290.513,104.226,83.2738,1,-1,-1,-1
30,2,898.732,254.24,91.0788,79.6862,1,-1,-1,-1
30,1,522.523,505.448,112.407,105.349,1,-1,-1,-1
31,18,97.0245,407.837,179.852,112.978,1,-1,-1,-1
31,15,907.199,16.5424,60.7988,51.2348,1,-1,-1,-1
31,14,720.455,234.301,74.8729,62.3997,1,-1,-1,-1
31,13,765.795,188.91,74.759,64.3295,1,-1,-1,-1
31,12,907.919,91.0792,62.2705,54.8069,1,-1,-1,-1
31,11,638.197,184.943,83.03,70.8399,1,-1,-1,-1
31,10,974.938,42.0395,58.2369,49.151,1,-1,-1,-1
31,9,974.817,104.774,66.924,60.4241,1,-1,-1,-1
31,8,864.83,190.37,77.1909,70.0428,1,-1,-1,-1
31,7,849.885,51.5792,66.1238,58.0508,1,-1,-1,-1
31,6,451.972,403.873,175.05,80.858,1,-1,-1,-1
31,5,722.471,102.007,82.8062,64.1177,1,-1,-1,-1
31,4,724.739,320.913,96.8002,79.7058,1,-1,-1,-1
31,3,478.656,287.609,104.475,82.0526,1,-1,-1,-1
31,2,900.059,251.811,90.5923,80.6139,1,-1,-1,-1
31,1,528.851,501.396,106.794,105.459,1,-1,-1,-1
32,18,106.259,402.997,177.855,114.505,1,-1,-1,-1
32,14,723.417,230.945,74.7353,61.4786,1,-1,-1,-1
32,12,909.168,89.9924,61.9055,55.0438,1,-1,-1,-1
32,11,640.617,184.337,81.7108,70.0638,1,-1,-1,-1
32,9,975.83,103.2,66.3638,59.898,1,-1,-1,-1
32,8,865.598,189.267,77.6243,69.9324,1,-1,-1,-1
32,7,850.624,49.4125,65.3295,57.0811,1,-1,-1,-1
32,6,453.95,400.531,180.265,75.7355,1,-1,-1,-1
32,5,725.004,100.334,82.0497,64.5346,1,-1,-1,-1
32,4,725.672,317.979,98.3263,79.5407,1,-1,-1,-1
32,3,476.709,285.707,108.023,82.9628,1,-1,-1,-1
32,2,901.613,249.177,90.4984,81.1444,1,-1,-1,-1
33,18,116.121,395.548,177.133,117.786,1,-1,-1,-1
33,11,644.282,178.447,84.5812,70.6638,1,-1,-1,-1
33,8,869.754,184.177,77.8727,70.2596,1,-1,-1,-1
33,6,462.311,392.879,181.533,75.6596,1,-1,-1,-1
33,5,727.971,95.9086,79.1011,64.1776,1,-1,-1,-1
33,4,731.719,314.637,96.2209,79.9008,1,-1,-1,-1
33,3,481.367,281.39,107.287,84.2985,1,-1,-1,-1
33,2,901.934,242.652,91.4048,82.0075,1,-1,-1,-1
33,1,530.572,496.615,113.22,95.1321,1,-1,-1,-1
34,18,125.91,387.426,174.58,113.896,1,-1,-1,-1
34,6,467.818,384.434,184.822,73.7332,1,-1,-1,-1
34,4,736.28,308.715,96.0148,79.4117,1,-1,-1,-1
34,3,483.448,274.58,115.242,80.0472,1,-1,-1,-1
34,2,907.386,237.314,90.4492,81.9438,1,-1,-1,-1
35,18,126.133,387.393,174.459,113.992,1,-1,-1,-1
35,6,467.725,384.204,185.331,73.6531,1,-1,-1,-1
35,4,737.241,308.473,96.0624,80.1993,1,-1,-1,-1
35,2,908.13,237.263,90.6938,81.8186,1,-1,-1,-1
36,18,137.461,384.065,168.077,112.709,1,-1,-1,-1
36,11,646.25,169.148,90.4451,78.7094,1,-1,-1,-1
36,8,874.728,178.065,76.1733,70.3658,1,-1,-1,-1
36,6,473.671,378.984,188.857,79.217,1,-1,-1,-1
36,4,738.806,308.058,95.7733,79.6536,1,-1,-1,-1
36,3,485.153,273.205,113.889,80.6249,1,-1,-1,-1
36,2,910.492,237.52,90.7307,80.957,1,-1,-1,-1
36,1,534.834,488.148,118.193,97.4478,1,-1,-1,-1
37,18,150.993,378.469,164.313,113.721,1,-1,-1,-1
37,14,747.698,178.936,102.317,92.5788,1,-1,-1,-1
37,6,485.797,369.034,188.283,80.2998,1,-1,-1,-1
37,4,740.26,305.852,95.4655,81.4808,1,-1,-1,-1
37,3,506.174,269.477,103.829,84.1637,1,-1,-1,-1
37,2,912.758,236.815,89.818,78.1223,1,-1,-1,-1
38,18,161.96,367.966,161.717,121.818,1,-1,-1,-1
38,14,754.073,172.58,98.7289,94.359,1,-1,-1,-1
38,6,493.341,358.399,188.885,82.0063,1,-1,-1,-1
38,5,740.798,84.6153,85.171,66.4048,1,-1,-1,-1
38,4,741.811,303.404,96.5953,80.4815,1,-1,-1,-1
38,3,512.931,267.823,101.006,79.0135,1,-1,-1,-1
38,2,916.628,230.704,88.7241,81.1898,1,-1,-1,-1
39,18,162.144,368.621,161.692,120.881,1,-1,-1,-1
39,14,754.263,171.992,98.2889,94.7826,1,-1,-1,-1
39,11,653.679,166.749,82.9731,72.9174,1,-1,-1,-1
39,9,985.821,89.6683,69.0255,61.1016,1,-1,-1,-1
39,8,880.637,173.001,74.178,73.4216,1,-1,-1,-1
39,6,493.403,358.67,188.885,81.73,1,-1,-1,-1
39,5,740.563,83.7142,85.3489,66.9874,1,-1,-1,-1
39,4,741.754,303.327,96.6934,80.5161,1,-1,-1,-1
39,3,513.06,267.301,100.834,79.3447,1,-1,-1,-1
39,2,916.694,230.368,88.6555,81.5709,1,-1,-1,-1
40,18,163.632,365.809,165.086,115.467,1,-1,-1,-1
40,14,754.357,171.591,98.128,95.3491,1,-1,-1,-1
40,11,651.166,163.753,89.1184,79.0693,1,-1,-1,-1
40,9,985.855,89.3458,69.9714,61.4986,1,-1,-1,-1
40,8,880.618,173.68,74.6431,72.5564,1,-1,-1,-1
40,7,861.371,38.7182,70.6287,56.8201,1,-1,-1,-1
40,6,501.308,358.079,186.585,83.0125,1,-1,-1,-1
40,5,740.653,83.431,85.2492,66.8566,1,-1,-1,-1
40,4,741.428,303.382,96.8817,80.6699,1,-1,-1,-1
40,3,512.471,267.365,102.382,80.3091,1,-1,-1,-1
40,2,916.851,230.297,88.2485,81.567,1,-1,-1,-1
40,1,545.262,483.337,109.607,86.8353,1,-1,-1,-1
41,18,167.714,358.13,163.914,110.031,1,-1,-1,-1
41,14,754.187,171.419,99.3801,94.617,1,-1,-1,-1
41,11,653.526,167.488,83.2937,72.7089,1,-1,-1,-1
41,9,985.764,85.5052,70.1138,65.2846,1,-1,-1,-1
41,8,880.432,173.703,74.9861,72.4813,1,-1,-1,-1
41,7,860.994,38.7432,70.2794,57.1033,1,-1,-1,-1
41,6,504.226,354.172,190.337,81.0939,1,-1,-1,-1
41,5,740.78,83.8141,85.1063,66.5634,1,-1,-1,-1
41,4,741.785,302.358,96.8408,81.2354,1,-1,-1,-1
41,3,513.72,267.725,100.178,80.5988,1,-1,-1,-1
41,2,916.678,229.737,87.7835,81.3375,1,-1,-1,-1
41,1,548.057,481.773,105.228,84.7996,1,-1,-1,-1
42,18,172.135,357.425,163.825,112.939,1,-1,-1,-1
42,11,652.282,164.673,90.1157,77.992,1,-1,-1,-1
42,6,508.81,346.29,188.045,86.1403,1,-1,-1,-1
42,5,741.902,83.1836,85.9208,67.2371,1,-1,-1,-1
42,4,746.18,302.053,94.1301,80.4172,1,-1,-1,-1
42,3,514.596,265.026,98.0764,79.5817,1,-1,-1,-1
42,2,918.444,228.52,86.3881,80.8986,1,-1,-1,-1
43,18,178.622,358.003,164.042,117.68,1,-1,-1,-1
43,6,516.36,343.49,188.643,82.1498,1,-1,-1,-1
43,5,743.145,83.1418,85.1074,68.1546,1,-1,-1,-1
43,4,747.73,300.753,92.9535,81.0354,1,-1,-1,-1
43,3,514.231,265.034,98.4928,79.4386,1,-1,-1,-1
43,2,923.163,230.825,79.4825,75.3924,1,-1,-1,-1
44,18,177.965,350.581,172.093,126.033,1,-1,-1,-1
44,4,747.38,299.423,95.9571,81.636,1,-1,-1,-1
45,18,184.933,347.381,169.287,116.826,1,-1,-1,-1
45,5,745.888,82.0058,82.2582,64.2349,1,-1,-1,-1
45,4,748.12,298.747,95.5594,81.3859,1,-1,-1,-1
45,3,520.19,261.363,94.5953,78.7457,1,-1,-1,-1
46,18,202.281,342.821,157.322,107.043,1,-1,-1,-1
46,4,747.836,298.596,97.2916,80.2565,1,-1,-1,-1
47,18,203.995,341.13,160.365,107.078,1,-1,-1,-1
47,4,748.981,297.878,96.1423,80.1699,1,-1,-1,-1
48,22,528.626,6.5716,541.466,392.044,1,-1,-1,-1
48,18,199.122,336.481,171.246,112.059,1,-1,-1,-1
48,4,751.157,297.438,94.5255,79.7267,1,-1,-1,-1
49,18,199.967,335.902,170.499,112.29,1,-1,-1,-1
49,5,747.145,80.5511,88.0613,62.7543,1,-1,-1,-1
49,4,750.877,297.5,94.9683,80.3097,1,-1,-1,-1
50,18,211.386,333.537,161.547,107.005,1,-1,-1,-1
50,5,747.662,80.5052,87.3367,63.1904,1,-1,-1,-1
50,4,752.355,296.048,97.1117,82.0456,1,-1,-1,-1
51,18,212.06,326.415,166.262,111.215,1,-1,-1,-1
51,5,747.249,79.5089,87.5866,63.6016,1,-1,-1,-1
51,4,752.726,290.399,101.063,86.2249,1,-1,-1,-1
52,18,212.569,326.426,165.719,111.139,1,-1,-1,-1
52,5,747.457,78.2049,91.4194,63.6117,1,-1,-1,-1
52,4,753.726,291.02,99.8112,85.1776,1,-1,-1,-1
53,24,534.446,152.83,223.945,176.044,1,-1,-1,-1
53,23,928.286,68.7061,60.4758,59.2739,1,-1,-1,-1
53,18,238.256,325.66,151.227,107.678,1,-1,-1,-1
53,14,788.36,157.05,86.6671,89.4563,1,-1,-1,-1
53,12,922.797,1.9107,59.0025,48.0506,1,-1,-1,-1
53,11,673.958,154.639,83.9243,70.3513,1,-1,-1,-1
53,10,987.953,26.49,57.233,49.0497,1,-1,-1,-1
53,9,998.24,82.154,66.1744,59.427,1,-1,-1,-1
53,8,892.94,162.689,73.8929,73.5757,1,-1,-1,-1
53,7,868.193,33.1073,65.5936,55.8851,1,-1,-1,-1
53,6,627.511,292.986,226.741,86.1994,1,-1,-1,-1
53,5,759.831,75.0436,83.012,63.1341,1,-1,-1,-1
53,4,764.232,295.878,88.6367,72.5284,1,-1,-1,-1
53,3,533.152,254.35,95.9056,76.4297,1,-1,-1,-1
53,2,938.441,214.24,78.3006,73.666,1,-1,-1,-1
53,1,560.146,477.984,92.8494,106.363,1,-1,-1,-1
54,25,1236.07,12.6273,42.093,41.4292,1,-1,-1,-1
54,24,534.485,152.839,223.405,175.434,1,-1,-1,-1
54,23,928.432,69.0633,60.7792,58.3757,1,-1,-1,-1
54,18,238.314,325.622,151.126,107.543,1,-1,-1,-1
54,14,788.897,155.541,86.2078,89.5778,1,-1,-1,-1
54,12,925.384,1.41029,55.961,48.3017,1,-1,-1,-1
54,11,674.018,154.728,83.8516,70.2439,1,-1,-1,-1
54,10,988.737,23.7595,57.4719,49.3943,1,-1,-1,-1
54,9,998.089,80.8415,66.2467,60.5132,1,-1,-1,-1
54,8,892.99,162.724,73.8655,73.4439,1,-1,-1,-1
54,7,871.329,31.1461,62.2693,58.1283,1,-1,-1,-1
54,5,759.937,74.8984,83.1954,63.0334,1,-1,-1,-1
54,4,716.876,293.309,137.223,82.7879,1,-1,-1,-1
54,3,533.633,253.646,95.649,77.0097,1,-1,-1,-1
54,2,938.479,214.272,78.3456,73.5519,1,-1,-1,-1
54,1,560.211,478.159,92.7456,105.919,1,-1,-1,-1
55,25,1236.17,12.6406,42.0249,41.7856,1,-1,-1,-1
55,24,533.892,153.082,224.487,175.569,1,-1,-1,-1
55,23,928.511,68.907,60.6694,58.4188,1,-1,-1,-1
55,18,240.284,323.792,152.277,107.435,1,-1,-1,-1
55,14,788.367,157.055,87.0844,89.4352,1,-1,-1,-1
55,12,925.594,1.27174,55.91,47.9437,1,-1,-1,-1
55,11,673.737,154.893,84.0895,70.2528,1,-1,-1,-1
55,10,988.857,23.7074,58.1061,49.385,1,-1,-1,-1
55,9,998.191,80.8265,66.2626,60.4348,1,-1,-1,-1
55,8,893.103,162.781,73.8044,73.4072,1,-1,-1,-1
55,7,870.709,31.1365,62.6594,59.2306,1,-1,-1,-1
55,6,629.885,292.645,224.844,85.2909,1,-1,-1,-1
55,5,759.985,74.9743,83.5872,62.8509,1,-1,-1,-1
55,4,750.785,293.296,103.789,79.063,1,-1,-1,-1
55,3,532.762,253.536,96.745,77.4701,1,-1,-1,-1
55,2,938.73,214.14,78.8881,73.181,1,-1,-1,-1
55,1,560.201,477.903,92.9009,106.579,1,-1,-1,-1
56,23,928.519,68.8259,60.55,58.4179,1,-1,-1,-1
56,18,243.759,317.37,152.516,109.072,1,-1,-1,-1
56,14,788.199,157.321,87.4997,89.8088,1,-1,-1,-1
56,12,925.49,1.20935,56.1788,48.2949,1,-1,-1,-1
56,11,673.953,155.21,83.8802,69.8331,1,-1,-1,-1
56,10,988.779,23.8378,58.7258,49.2611,1,-1,-1,-1
56,9,998.202,80.6456,66.3365,60.7341,1,-1,-1,-1
56,8,892.985,162.977,74.0359,73.7733,1,-1,-1,-1
56,7,870.588,31.022,63.0018,59.6006,1,-1,-1,-1
56,5,759.968,74.9229,83.4122,62.9729,1,-1,-1,-1
56,4,750.084,292.36,104.632,80.5181,1,-1,-1,-1
56,3,531.254,253.298,104.293,77.485,1,-1,-1,-1
56,2,942.196,213.391,76.1579,73.6631,1,-1,-1,-1
56,1,560.23,477.868,92.5267,106.485,1,-1,-1,-1
57,18,245.343,318.075,155.059,106.038,1,-1,-1,-1
57,11,674.189,154.4,83.2957,69.5935,1,-1,-1,-1
57,9,998.127,79.245,66.7956,62.4602,1,-1,-1,-1
57,8,892.595,162.776,75.6044,73.481,1,-1,-1,-1
57,7,870.43,30.4886,63.4399,60.4953,1,-1,-1,-1
57,5,759.3,73.9957,86.0035,64.5019,1,-1,-1,-1
57,4,745.903,291.176,109.018,77.5714,1,-1,-1,-1
57,2,942.665,212.978,76.108,72.1375,1,-1,-1,-1
58,18,254.758,314.168,154.147,105.878,1,-1,-1,-1
58,11,674.523,154.474,84.0453,69.5217,1,-1,-1,-1
58,9,1001.08,80.5876,63.2394,60.1845,1,-1,-1,-1
58,8,893.869,162.309,74.5188,73.5754,1,-1,-1,-1
58,7,870.641,30.5796,63.0181,60.3012,1,-1,-1,-1
58,5,760.918,74.493,83.9867,63.4664,1,-1,-1,-1
58,4,746.138,288.384,109.421,79.405,1,-1,-1,-1
58,3,535.76,248.443,100.4,75.9476,1,-1,-1,-1
58,2,942.673,209.77,78.6847,74.6998,1,-1,-1,-1
59,18,245.62,310.906,165.896,110.373,1,-1,-1,-1
59,7,870.436,30.4908,64.7646,61.1361,1,-1,-1,-1
59,5,763.183,74.1318,82.9587,63.4078,1,-1,-1,-1
59,4,762.06,287.043,98.553,78.9731,1,-1,-1,-1
59,2,945.597,209.658,76.7414,72.7864,1,-1,-1,-1
60,18,248.311,309.894,169.501,109.777,1,-1,-1,-1
60,5,763.48,74.007,81.3912,63.4619,1,-1,-1,-1
60,4,735.799,279.881,128.016,85.1606,1,-1,-1,-1
60,2,945.892,208.919,76.9889,71.7473,1,-1,-1,-1
60,1,559.44,473.781,92.3135,107.78,1,-1,-1,-1
61,18,262.142,305.32,156.969,113.528,1,-1,-1,-1
61,9,1000.95,78.5492,64.7056,61.5694,1,-1,-1,-1
61,5,765.266,73.8762,82.877,62.7985,1,-1,-1,-1
61,4,744.184,279.414,123.347,83.439,1,-1,-1,-1
61,2,945.993,206.416,78.2823,71.5433,1,-1,-1,-1
61,1,559.191,470.72,94.1694,110.415,1,-1,-1,-1
62,18,272.601,300.641,150.857,111.587,1,-1,-1,-1
62,14,796.258,151.729,86.1825,89.8129,1,-1,-1,-1
62,11,682.19,151.681,82.5563,67.4967,1,-1,-1,-1
62,9,1000.47,77.4338,65.1976,62.3632,1,-1,-1,-1
62,8,896.05,161.761,76.8268,72.2124,1,-1,-1,-1
62,7,870.208,30.2601,65.3531,60.4728,1,-1,-1,-1
62,5,765.461,73.6166,84.7841,62.8746,1,-1,-1,-1
62,4,743.054,280.453,126.983,82.3979,1,-1,-1,-1
62,3,544.961,243.917,95.2289,75.2701,1,-1,-1,-1
62,2,947.345,205.605,78.539,70.9366,1,-1,-1,-1
62,1,558.324,470.845,95.4722,110.637,1,-1,-1,-1
63,18,272.75,299.545,154.185,111.45,1,-1,-1,-1
63,11,682.853,150.155,81.2372,68.0377,1,-1,-1,-1
63,5,765.265,73.5946,86.6942,63.5276,1,-1,-1,-1
63,4,762.197,279.941,107.314,78.9388,1,-1,-1,-1
63,2,948.753,203.383,78.369,69.4959,1,-1,-1,-1
63,1,558.131,470.984,96.2749,110.61,1,-1,-1,-1
64,18,272.723,295.2,158.203,111.61,1,-1,-1,-1
64,11,682.507,150.343,82.5587,67.2127,1,-1,-1,-1
64,5,766.468,73.309,85.904,63.5249,1,-1,-1,-1
64,4,762.408,278.372,109.159,79.9067,1,-1,-1,-1
64,2,949.008,201.799,79.237,69.722,1,-1,-1,-1
64,1,558.828,471.063,94.89,109.44,1,-1,-1,-1
65,18,248.176,293.263,183.645,120.98,1,-1,-1,-1
65,5,766.81,72.9274,84.4122,64.091,1,-1,-1,-1
65,4,778.545,278.639,94.7957,79.974,1,-1,-1,-1
65,1,558.757,471.582,95.5026,109.502,1,-1,-1,-1
66,18,247.55,293.106,184.592,119.701,1,-1,-1,-1
66,11,683.265,148.595,82.8414,68.897,1,-1,-1,-1
66,5,766.439,72.6439,87.4257,64.3109,1,-1,-1,-1
66,4,778.992,278.668,94.1783,79.912,1,-1,-1,-1
66,2,946.237,196.122,86.0034,81.3022,1,-1,-1,-1
66,1,558.698,471.787,95.4716,108.916,1,-1,-1,-1
67,18,233.024,289.309,202.388,145.692,1,-1,-1,-1
67,11,683.088,148.665,82.9595,67.9466,1,-1,-1,-1
67,5,766.779,72.5561,86.8475,65.1291,1,-1,-1,-1
67,4,779.017,278.637,94.0803,79.9631,1,-1,-1,-1
67,2,946.267,195.913,86.0462,81.4802,1,-1,-1,-1
67,1,558.517,471.511,96.1336,109.208,1,-1,-1,-1
68,18,248.673,292.836,183.75,122.164,1,-1,-1,-1
68,11,683.358,148.757,82.7049,67.7074,1,-1,-1,-1
68,9,1003.25,76.5811,62.2789,58.9612,1,-1,-1,-1
68,5,767.216,72.2412,86.6692,65.0276,1,-1,-1,-1
68,4,779.766,278.258,93.3413,80.32,1,-1,-1,-1
68,2,946.467,195.586,86.4823,81.4408,1,-1,-1,-1
68,1,558.377,471.531,95.9732,108.743,1,-1,-1,-1
69,18,298.343,290.93,139.277,101.393,1,-1,-1,-1
69,11,685.685,147.148,81.0999,68.1378,1,-1,-1,-1
69,5,773.082,72.2211,82.7913,63.8501,1,-1,-1,-1
69,4,782.677,272.747,93.0712,80.1508,1,-1,-1,-1
69,1,558.445,470.827,96.0552,107.775,1,-1,-1,-1
70,23,935.13,63.8844,62.8608,57.3829,1,-1,-1,-1
70,18,308.995,289.736,134.914,98.1076,1,-1,-1,-1
70,14,809.365,144.359,89.6467,87.7943,1,-1,-1,-1
70,11,689.961,144.262,79.827,67.295,1,-1,-1,-1
70,10,994.812,20.9787,57.6997,50.5008,1,-1,-1,-1
70,9,1005.68,75.3779,65.3271,57.0925,1,-1,-1,-1
70,8,903.793,156.471,72.6619,68.3362,1,-1,-1,-1
70,7,878.51,28.7251,61.0754,58.8837,1,-1,-1,-1
70,5,777.511,70.0885,80.9128,64.6372,1,-1,-1,-1
70,4,789.668,276.507,87.3492,69.4503,1,-1,-1,-1
70,3,561.433,240.314,78.1339,44.8427,1,-1,-1,-1
70,2,955.961,195.739,81.5643,72.217,1,-1,-1,-1
70,1,555.793,463.869,99.4583,112.444,1,-1,-1,-1
71,23,935.005,63.5688,63.1768,58.0272,1,-1,-1,-1
71,18,308.926,288.608,135.599,100.153,1,-1,-1,-1
71,14,809.086,144.161,90.053,88.0362,1,-1,-1,-1
71,11,690.051,144.155,79.824,67.4124,1,-1,-1,-1
71,10,994.581,21.0216,58.8784,50.5631,1,-1,-1,-1
71,9,1005.59,74.6935,65.5087,57.9827,1,-1,-1,-1
71,8,903.647,156.341,72.8274,68.8423,1,-1,-1,-1
71,7,878.403,28.2333,61.153,59.5354,1,-1,-1,-1
71,5,777.144,69.9721,81.2262,64.595,1,-1,-1,-1
71,4,789.152,276.568,87.9224,69.4217,1,-1,-1,-1
71,3,561.273,240.259,78.7321,43.6756,1,-1,-1,-1
71,2,955.839,195.759,81.7369,72.2751,1,-1,-1,-1
71,1,555.358,463.734,100.215,112.762,1,-1,-1,-1
72,23,935.316,63.4809,62.8237,56.4283,1,-1,-1,-1
72,18,308.706,285.372,137.862,102.037,1,-1,-1,-1
72,14,810.232,143.195,89.2126,88.9169,1,-1,-1,-1
72,11,689.83,144.092,80.0501,67.5812,1,-1,-1,-1
72,10,994.83,20.6163,58.3174,50.7024,1,-1,-1,-1
72,9,1005.68,74.8685,65.7125,58.0216,1,-1,-1,-1
72,8,903.434,155.374,73.175,69.991,1,-1,-1,-1
72,7,878.284,28.1241,61.0416,60.0544,1,-1,-1,-1
72,5,777.124,69.3398,81.5234,65.2318,1,-1,-1,-1
72,4,796.834,270.535,82.1886,71.6431,1,-1,-1,-1
72,3,561.554,240.279,78.7434,43.9336,1,-1,-1,-1
72,2,957.709,194.052,80.4222,74.0429,1,-1,-1,-1
72,1,554.697,463.078,100.981,113.769,1,-1,-1,-1
73,23,935.314,63.7053,63.1584,55.8304,1,-1,-1,-1
73,18,313.974,281.459,140.632,103.147,1,-1,-1,-1
73,14,811.794,141.645,89.7862,86.8609,1,-1,-1,-1
73,11,689.535,143.864,80.6733,68.0744,1,-1,-1,-1
73,9,1007.88,74.8758,63.1905,57.9992,1,-1,-1,-1
73,8,903.501,155.915,74.2644,68.0679,1,-1,-1,-1
73,7,878.327,28.3532,61.422,59.827,1,-1,-1,-1
73,5,777.315,70.0639,81.4445,65.5225,1,-1,-1,-1
73,4,800.898,269.225,84.0671,68.4645,1,-1,-1,-1
73,3,563.004,239.689,78.0142,41.9281,1,-1,-1,-1
73,2,961.267,188.879,79.8301,74.7205,1,-1,-1,-1
73,1,552.358,464.808,101.821,112.747,1,-1,-1,-1
74,23,935.542,63.8989,63.6451,55.7966,1,-1,-1,-1
74,18,317.4,279.7,140.386,97.4696,1,-1,-1,-1
74,14,811.181,136.459,91.8949,91.9625,1,-1,-1,-1
74,11,689.381,141.027,83.2425,68.9449,1,-1,-1,-1
74,9,1008.24,74.6149,63.2158,58.6326,1,-1,-1,-1
74,8,905.576,154.332,72.513,69.4891,1,-1,-1,-1
74,7,878.509,28.653,60.4294,59.4923,1,-1,-1,-1
74,6,736.966,253.973,157.195,84.9488,1,-1,-1,-1
74,5,779.416,69.297,79.816,66.2093,1,-1,-1,-1
74,2,962.139,188.068,78.7618,75.5309,1,-1,-1,-1
74,1,552.52,464.909,101.881,113.463,1,-1,-1,-1
75,24,567.438,139.939,209.987,143.395,1,-1,-1,-1
75,18,315.749,276.107,145.728,104.126,1,-1,-1,-1
75,14,810.946,135.445,93.0962,93.5088,1,-1,-1,-1
75,9,1008.8,74.7979,63.3136,58.1055,1,-1,-1,-1
75,8,906.984,153.25,70.8792,70.7818,1,-1,-1,-1
75,7,879.068,27.6588,59.1552,57.7356,1,-1,-1,-1
75,6,731.527,253.66,166.986,84.5503,1,-1,-1,-1
75,5,780.449,68.3943,78.1184,67.0933,1,-1,-1,-1
75,2,959.052,184.507,84.2537,82.2525,1,-1,-1,-1
75,1,554.443,465.864,101.569,113.669,1,-1,-1,-1
76,24,567.68,139.526,208.686,142.893,1,-1,-1,-1
76,18,319.985,276.068,143.497,99.2216,1,-1,-1,-1
76,14,810.379,136.024,94.9354,91.9917,1,-1,-1,-1
76,9,1009.5,73.6959,63.5379,58.715,1,-1,-1,-1
76,8,907.993,152.323,71.2533,71.4917,1,-1,-1,-1
76,7,879.749,27.4518,59.1721,55.7055,1,-1,-1,-1
76,6,749.395,251.44,153.483,85.8683,1,-1,-1,-1
76,5,779.472,66.6574,80.8062,64.3874,1,-1,-1,-1
76,2,958.24,184.887,85.5883,83.4834,1,-1,-1,-1
76,1,552.811,465.286,107.015,114.688,1,-1,-1,-1
77,18,324.897,273.547,141.751,99.3723,1,-1,-1,-1
77,14,810.073,135.481,96.3413,92.5959,1,-1,-1,-1
77,8,908.155,147.852,72.1932,71.0064,1,-1,-1,-1
77,7,880.438,27.6067,58.4817,55.2106,1,-1,-1,-1
77,6,753.094,249.31,155.683,88.2216,1,-1,-1,-1
77,5,782.878,66.0796,79.1702,64.0414,1,-1,-1,-1
77,2,959.039,184.163,87.6202,82.6265,1,-1,-1,-1
77,1,551.747,465.324,108.489,113.092,1,-1,-1,-1
78,23,936.651,63.8153,63.59,55.9665,1,-1,-1,-1
78,18,326.566,270.433,142.359,99.6925,1,-1,-1,-1
78,14,809.992,135.792,95.8199,91.4262,1,-1,-1,-1
78,9,1009.65,73.3009,63.6985,58.8231,1,-1,-1,-1
78,8,908.367,148.132,72.151,69.7576,1,-1,-1,-1
78,7,880.604,27.6572,57.8419,54.669,1,-1,-1,-1
78,6,754.434,249.976,157.734,87.1416,1,-1,-1,-1
78,5,783.805,65.166,79.0745,63.7947,1,-1,-1,-1
78,2,959.82,182.547,89.6458,81.8291,1,-1,-1,-1
78,1,552.661,467.185,107.068,109.028,1,-1,-1,-1
79,23,937.135,64.2728,62.7466,55.2895,1,-1,-1,-1
79,18,324.29,268.613,148.614,101.328,1,-1,-1,-1
79,14,812.591,135.854,94.4456,88.5369,1,-1,-1,-1
79,11,692.581,138.979,81.3799,69.879,1,-1,-1,-1
79,9,1009.57,73.1504,63.4426,59.2251,1,-1,-1,-1
79,8,908.288,148.338,72.3395,69.0156,1,-1,-1,-1
79,7,880.687,27.9311,58.262,54.4696,1,-1,-1,-1
79,6,751.017,246.008,163.645,91.3796,1,-1,-1,-1
79,5,785.446,65.3546,76.8297,60.9773,1,-1,-1,-1
79,3,572.395,236.105,71.4606,40.6351,1,-1,-1,-1
79,2,959.458,181.777,91.1713,81.3573,1,-1,-1,-1
79,1,552.83,461.321,107.86,116.002,1,-1,-1,-1
80,23,937.057,63.1671,62.8732,56.5169,1,-1,-1,-1
80,18,327.546,267.486,145.906,103.334,1,-1,-1,-1
80,14,814.588,135.261,92.8317,89.4519,1,-1,-1,-1
80,8,908.492,148.178,72.5488,70.0421,1,-1,-1,-1
80,7,880.448,26.8757,58.3741,56.0285,1,-1,-1,-1
80,6,787.183,245.843,131.788,89.0267,1,-1,-1,-1
80,5,783.827,65.805,78.5623,60.5077,1,-1,-1,-1
80,1,550.095,462.242,110.535,114.419,1,-1,-1,-1
81,26,285.922,261.461,198.192,162.765,1,-1,-1,-1
81,23,936.188,61.4963,66.3438,59.0981,1,-1,-1,-1
81,18,333.218,264.628,145.559,96.0786,1,-1,-1,-1
81,14,815.382,133.869,95.5723,89.9998,1,-1,-1,-1
81,8,908.585,147.191,74.5471,70.9873,1,-1,-1,-1
81,7,881.24,25.963,59.3266,57.2522,1,-1,-1,-1
81,6,788.956,246.065,132.3,87.4752,1,-1,-1,-1
81,5,785.944,65.2599,81.5749,62.4926,1,-1,-1,-1
81,1,548.012,461.685,109.642,110.528,1,-1,-1,-1
82,26,284.898,260.36,198.872,166.334,1,-1,-1,-1
82,18,332.526,264.287,145.9,96.689,1,-1,-1,-1
82,14,815.118,133.358,95.9753,90.7572,1,-1,-1,-1
82,8,908.504,146.739,74.5646,71.4637,1,-1,-1,-1
82,7,881.351,26.3874,58.6844,56.8432,1,-1,-1,-1
82,6,789.494,246.135,131.683,87.4463,1,-1,-1,-1
82,5,786.402,65.9138,81.9559,62.1141,1,-1,-1,-1
82,1,547.78,460.576,110.243,111.289,1,-1,-1,-1
83,18,343.429,257.442,136.883,98.1214,1,-1,-1,-1
83,14,817.822,131.501,96.5481,93.7823,1,-1,-1,-1
83,8,911.987,146.072,71.7285,71.9079,1,-1,-1,-1
83,6,789.049,242.178,143.03,88.5952,1,-1,-1,-1
83,5,791.111,65.1056,78.7877,62.9007,1,-1,-1,-1
83,1,548.593,459.559,108.506,113.804,1,-1,-1,-1
84,18,357.03,254.981,128.189,85.826,1,-1,-1,-1
84,8,916.912,144.996,69.7675,71.3538,1,-1,-1,-1
84,6,780.92,238.283,155.472,88.4381,1,-1,-1,-1
84,5,799.669,61.5928,71.9855,60.5614,1,-1,-1,-1
84,2,980.433,170.968,76.4167,70.528,1,-1,-1,-1
84,1,557.288,457.747,101.157,110.663,1,-1,-1,-1
85,18,356.856,255.056,128.463,85.817,1,-1,-1,-1
85,11,703.338,133.863,79.226,68.0524,1,-1,-1,-1
85,8,916.872,145.099,69.8785,71.2425,1,-1,-1,-1
85,6,780.973,238.239,155.51,88.6478,1,-1,-1,-1
85,5,799.794,60.8873,72.5153,61.7509,1,-1,-1,-1
85,2,980.184,171.051,77.8372,70.3964,1,-1,-1,-1
85,1,557.242,458.046,101.458,110.596,1,-1,-1,-1
86,18,356.818,255.345,130.324,86.918,1,-1,-1,-1
86,6,780.912,237.774,158.965,89.3456,1,-1,-1,-1
86,1,557.04,457.662,101.708,111.248,1,-1,-1,-1
87,18,360.595,250.354,133.302,91.9238,1,-1,-1,-1
87,6,782.507,232.831,165.504,95.3877,1,-1,-1,-1
87,1,556.142,456.978,103.372,112.777,1,-1,-1,-1
88,18,362.387,249.523,134.95,91.1692,1,-1,-1,-1
88,6,783.482,231.47,166.01,96.4051,1,-1,-1,-1
88,1,555.797,458.252,104.218,111.258,1,-1,-1,-1
89,18,362.296,248.804,135.188,90.1988,1,-1,-1,-1
89,8,919.808,143.862,69.5156,69.6626,1,-1,-1,-1
89,6,786.503,225.894,167.982,99.215,1,-1,-1,-1
89,5,799.451,61.7146,77.1497,57.052,1,-1,-1,-1
89,1,555.032,458.193,104.976,111.088,1,-1,-1,-1
90,18,363.773,247.877,137.199,90.6298,1,-1,-1,-1
90,11,706.327,132.499,83.464,68.531,1,-1,-1,-1
90,8,920.194,143.668,69.3414,70.1181,1,-1,-1,-1
90,6,789.587,225.847,166.288,97.8706,1,-1,-1,-1
90,5,799.322,60.9397,79.7172,57.6779,1,-1,-1,-1
90,1,554.336,458.5,106.175,111.663,1,-1,-1,-1
91,18,362.602,247.364,143.223,92.9639,1,-1,-1,-1
91,6,789.985,225.883,171.799,95.3839,1,-1,-1,-1
91,5,798.934,60.4206,81.4565,58.5236,1,-1,-1,-1
91,1,553.505,459.085,108.358,111.651,1,-1,-1,-1
92,18,361.295,243.757,150.888,100.594,1,-1,-1,-1
92,11,708.4,129.092,82.7127,69.7861,1,-1,-1,-1
92,8,923.513,139.512,69.0452,71.7878,1,-1,-1,-1
92,6,795.452,221.256,171.702,98.1463,1,-1,-1,-1
92,5,800.884,60.2591,79.6857,58.7512,1,-1,-1,-1
92,2,989.43,161.573,74.3005,68.1989,1,-1,-1,-1
92,1,552.585,458.434,108.865,112.167,1,-1,-1,-1
93,18,379.4,245.125,129.349,88.4361,1,-1,-1,-1
93,8,921.849,137.632,70.6624,73.8147,1,-1,-1,-1
93,6,799.103,220.88,171.812,100.233,1,-1,-1,-1
93,1,557.831,458.862,103.416,110.157,1,-1,-1,-1
94,18,385.602,242.324,125.755,88.8177,1,-1,-1,-1
94,6,813.524,224.931,161.439,91.6343,1,-1,-1,-1
94,1,558.114,458.811,101.886,110.271,1,-1,-1,-1
95,27,10.0886,3.93058,1259.06,710.641,1,-1,-1,-1
95,1,558.042,457.558,101.952,111.81,1,-1,-1,-1
96,27,9.22155,3.23243,1259.69,711.448,1,-1,-1,-1
96,1,558.133,456.248,103.97,112.238,1,-1,-1,-1
97,18,391.182,238.145,128.665,88.9382,1,-1,-1,-1
97,1,558.273,450.419,104.198,118.06,1,-1,-1,-1
98,18,395.875,236.816,126.074,91.5662,1,-1,-1,-1
98,1,558.018,449.698,103.414,119.323,1,-1,-1,-1
99,18,401.899,232.105,121.378,85.61,1,-1,-1,-1
99,14,862.421,119.455,68.383,58.8716,1,-1,-1,-1
99,11,717.48,123.815,72.2203,64.3504,1,-1,-1,-1
99,8,928.693,136,69.1443,70.1353,1,-1,-1,-1
99,6,842.48,227.324,152.401,82.0456,1,-1,-1,-1
99,5,809.664,56.5051,75.8763,62.3331,1,-1,-1,-1
99,2,1004.88,151.786,72.3359,63.9202,1,-1,-1,-1
99,1,562.622,451.688,97.6058,112.111,1,-1,-1,-1
100,23,945.78,54.4315,63.0351,55.8967,1,-1,-1,-1
100,18,401.438,231.65,122.051,85.9358,1,-1,-1,-1
100,14,862.11,118.893,68.9213,59.6037,1,-1,-1,-1
100,11,717.439,123.631,72.4957,64.2,1,-1,-1,-1
100,8,928.761,136.021,69.0355,70.0441,1,-1,-1,-1
100,6,863.805,241.728,130.56,67.248,1,-1,-1,-1
100,5,811.553,54.8152,76.8743,64.078,1,-1,-1,-1
100,2,1004.91,151.876,72.4077,63.7815,1,-1,-1,-1
100,1,562.557,451.714,97.7479,112.096,1,-1,-1,-1
101,18,402.247,231.556,121.168,86.2114,1,-1,-1,-1
101,11,717.568,123.62,72.3176,64.1901,1,-1,-1,-1
101,8,929.01,136.032,68.6542,70.1449,1,-1,-1,-1
101,6,865.414,243.814,130.344,65.0589,1,-1,-1,-1
101,5,811.64,54.9668,76.6793,64.1781,1,-1,-1,-1
101,2,1005.03,151.894,72.1882,63.7316,1,-1,-1,-1
101,1,562.425,451.041,97.966,112.983,1,-1,-1,-1
102,18,403.047,230.39,123.29,88.0792,1,-1,-1,-1
102,11,717.308,123.707,74.4001,64.5169,1,-1,-1,-1
102,8,928.883,136.215,68.9888,68.6475,1,-1,-1,-1
102,6,874.42,244.33,128.552,63.9987,1,-1,-1,-1
102,5,811.37,55.0036,76.947,64.4028,1,-1,-1,-1
102,2,1006.47,148.722,70.9885,64.9036,1,-1,-1,-1
102,1,562.23,451.37,101.063,113.419,1,-1,-1,-1
103,23,945.133,53.9136,64.1042,56.3785,1,-1,-1,-1
103,18,407.116,228.263,123.989,89.703,1,-1,-1,-1
103,11,717.161,123.68,74.0281,64.1893,1,-1,-1,-1
103,8,928.852,136.312,69.0851,67.5735,1,-1,-1,-1
103,6,875.071,243.585,133.412,64.7744,1,-1,-1,-1
103,5,811.206,55.2609,77.1906,63.0987,1,-1,-1,-1
103,2,1006.92,147.74,77.6637,65.6425,1,-1,-1,-1
103,1,561.835,451.175,101.916,113.893,1,-1,-1,-1
104,23,944.862,53.6607,64.2999,56.9603,1,-1,-1,-1
104,18,409.925,227.136,122.425,87.2044,1,-1,-1,-1
104,14,862.738,117.365,70.0728,61.29,1,-1,-1,-1
104,11,718.094,123.924,71.967,64.6201,1,-1,-1,-1
104,9,1024.75,61.1043,61.8396,54.5395,1,-1,-1,-1
104,8,931.067,136.068,69.2433,67.3682,1,-1,-1,-1
104,6,877.923,243.939,135.849,63.7895,1,-1,-1,-1
104,5,812.379,55.2383,75.8381,64.0197,1,-1,-1,-1
104,2,1009.46,145.529,74.9662,65.1073,1,-1,-1,-1
104,1,561.781,451.016,102.057,113.759,1,-1,-1,-1
105,23,945.184,54.3171,63.7592,56.3785,1,-1,-1,-1
105,18,410.176,225.11,126.994,89.1053,1,-1,-1,-1
105,11,718.224,119.224,73.4634,67.4772,1,-1,-1,-1
105,8,930.818,135.798,69.4288,67.0951,1,-1,-1,-1
105,6,877.352,242.735,138.397,62.8502,1,-1,-1,-1
105,5,813.955,55.4118,75.1673,62.2227,1,-1,-1,-1
105,1,562.337,451.102,100.86,113.182,1,-1,-1,-1
106,23,945.648,54.4924,63.1738,55.5862,1,-1,-1,-1
106,18,411.479,224.419,128.745,87.7892,1,-1,-1,-1
106,14,867.628,117.686,67.5748,59.6849,1,-1,-1,-1
106,11,721.773,119.779,70.9045,65.7617,1,-1,-1,-1
106,9,1024.53,61.0408,61.9546,53.6478,1,-1,-1,-1
106,8,931.987,136.092,72.4947,65.7451,1,-1,-1,-1
106,6,880.886,242.824,141.103,61.4285,1,-1,-1,-1
106,5,814.163,54.9206,75.0328,60.7366,1,-1,-1,-1
106,2,1016.19,143.201,71.0054,65.3827,1,-1,-1,-1
106,1,562.961,451.928,99.6824,107.776,1,-1,-1,-1
107,18,411.576,222.598,130.136,92.5653,1,-1,-1,-1
107,11,721.649,119.262,71.4651,66.5479,1,-1,-1,-1
107,8,933.023,135.414,72.1956,66.9453,1,-1,-1,-1
107,6,881.665,241.568,141.806,61.8534,1,-1,-1,-1
107,5,813.641,54.0461,74.6492,61.3793,1,-1,-1,-1
107,1,561.903,450.725,104.084,110.68,1,-1,-1,-1
108,18,412.749,220.156,131.079,92.7516,1,-1,-1,-1
108,11,721.788,118.419,73.0353,67.1418,1,-1,-1,-1
108,8,933.44,135.072,70.8065,66.6691,1,-1,-1,-1
108,6,884.258,241.065,143.303,61.7977,1,-1,-1,-1
108,5,814.298,52.8941,72.427,62.6144,1,-1,-1,-1
108,1,561.921,450.196,103.219,111.493,1,-1,-1,-1
109,18,412.635,216.812,132.581,96.9062,1,-1,-1,-1
109,11,720.182,117.757,75.4914,68.7101,1,-1,-1,-1
109,8,932.73,134.378,71.3731,67.2774,1,-1,-1,-1
109,6,891.827,239.255,138.715,62.4202,1,-1,-1,-1
109,1,561.504,449.884,104.729,113.262,1,-1,-1,-1
110,18,414.649,215.195,130.407,97.2145,1,-1,-1,-1
110,11,721.351,117.781,75.9464,68.4425,1,-1,-1,-1
110,8,935,133.743,68.8775,66.4102,1,-1,-1,-1
110,6,899.062,238.48,134.958,62.1918,1,-1,-1,-1
110,1,561.391,449.982,105.479,113.291,1,-1,-1,-1
111,18,415.25,216.004,133.474,96.7545,1,-1,-1,-1
111,11,720.35,118.19,78.1744,69.2436,1,-1,-1,-1
111,8,934.688,133.552,69.3554,66.6074,1,-1,-1,-1
111,6,895.005,237.307,139.351,61.4702,1,-1,-1,-1
111,1,561.781,450.54,104.929,109.647,1,-1,-1,-1
112,18,414.888,213.749,136.211,98.0425,1,-1,-1,-1
112,11,721.406,117.708,77.1471,69.2985,1,-1,-1,-1
112,8,934.97,133.148,69.9303,67.3948,1,-1,-1,-1
112,6,894.966,236.695,142.339,61.8651,1,-1,-1,-1
112,1,562.373,449.075,104.457,109.304,1,-1,-1,-1
113,18,420.353,215.029,131.279,95.6075,1,-1,-1,-1
113,11,725.2,116.85,72.6425,65.9012,1,-1,-1,-1
113,9,1028.4,56.7961,62.2959,52.653,1,-1,-1,-1
113,8,939.238,131.112,67.024,66.6832,1,-1,-1,-1
113,6,904.151,236.847,135.864,59.2841,1,-1,-1,-1
113,2,1023.97,132.917,70.187,62.457,1,-1,-1,-1
113,1,563.047,448.615,103.17,108.532,1,-1,-1,-1
114,28,841.24,153.288,68.4797,57.9007,1,-1,-1,-1
114,18,432.47,214.694,121.131,87.1075,1,-1,-1,-1
114,11,728.503,116.666,76.6355,64.7461,1,-1,-1,-1
114,9,1030.99,57.1962,60.3619,50.924,1,-1,-1,-1
114,8,938.978,130.471,69.1214,67.1354,1,-1,-1,-1
114,6,911.616,234.851,136.546,60.1299,1,-1,-1,-1
114,5,824.173,49.4917,65.9013,59.8751,1,-1,-1,-1
114,2,1028.25,129.908,71.6979,62.857,1,-1,-1,-1
114,1,564.714,445.076,102.576,109.786,1,-1,-1,-1
115,23,956.181,48.8603,55.9564,54.7141,1,-1,-1,-1
115,18,432.388,213.773,121.25,88.2262,1,-1,-1,-1
115,14,878.157,109.747,64.0888,59.9341,1,-1,-1,-1
115,11,728.486,115.719,76.6577,65.6317,1,-1,-1,-1
115,9,1031.59,55.5601,60.3812,52.7539,1,-1,-1,-1
115,8,938.836,130.356,69.27,67.2524,1,-1,-1,-1
115,6,911.432,234.576,136.906,60.6988,1,-1,-1,-1
115,5,825.091,47.4368,67.0585,59.9549,1,-1,-1,-1
115,2,1028.34,129.732,71.9277,62.9346,1,-1,-1,-1
115,1,564.591,444.816,102.863,110.196,1,-1,-1,-1
116,18,432.434,213.513,121.326,88.8723,1,-1,-1,-1
116,11,728.466,115.741,76.5988,65.4849,1,-1,-1,-1
116,9,1031.43,55.8038,60.4969,52.2575,1,-1,-1,-1
116,8,938.841,130.304,69.3427,67.1684,1,-1,-1,-1
116,6,911.27,234.456,136.985,60.8741,1,-1,-1,-1
116,5,826.058,48.1257,65.9521,59.1611,1,-1,-1,-1
116,2,1027.9,129.704,72.8141,63.2218,1,-1,-1,-1
116,1,564.517,445.327,103.217,109.237,1,-1,-1,-1
117,28,840.62,153.017,69.189,58.4048,1,-1,-1,-1
117,23,956.09,48.9511,55.5834,54.5533,1,-1,-1,-1
117,18,432.507,213.704,121.247,88.5867,1,-1,-1,-1
117,14,877.826,109.194,64.4698,60.6235,1,-1,-1,-1
117,11,728.369,115.847,76.6815,65.3074,1,-1,-1,-1
117,9,1031.76,55.9527,60.1255,51.9921,1,-1,-1,-1
117,8,938.918,130.446,69.2307,66.8619,1,-1,-1,-1
117,6,911.547,234.786,136.6,60.1232,1,-1,-1,-1
117,5,826.051,48.3041,65.9818,58.9298,1,-1,-1,-1
117,2,1029.03,129.702,73.3131,63.0742,1,-1,-1,-1
117,1,564.436,444.542,103.448,110.067,1,-1,-1,-1
118,18,432.571,212.598,121.545,89.5604,1,-1,-1,-1
118,11,728.584,115.897,76.3383,65.0219,1,-1,-1,-1
118,8,938.975,130.445,68.8258,66.6779,1,-1,-1,-1
118,6,910.349,233.605,140.237,61.6051,1,-1,-1,-1
118,5,826.336,48.1906,65.7075,58.85,1,-1,-1,-1
118,2,1028.91,128.918,73.4139,64.2485,1,-1,-1,-1
118,1,564.328,443.292,103.692,111.441,1,-1,-1,-1
119,18,434.47,211.392,119.763,90.7229,1,-1,-1,-1
119,11,728.67,116.157,76.0377,64.758,1,-1,-1,-1
119,8,939.208,130.327,68.6388,66.3393,1,-1,-1,-1
119,6,915.702,234.41,136.31,59.8902,1,-1,-1,-1
119,1,564.376,444.023,104.555,110.398,1,-1,-1,-1
120,18,438.121,209.708,117.266,88.3202,1,-1,-1,-1
120,11,728.905,115.587,75.5406,65.512,1,-1,-1,-1
120,8,939.689,129.148,68.5483,66.9533,1,-1,-1,-1
120,6,920.759,231.898,134.522,61.5114,1,-1,-1,-1
120,1,564.359,443.32,104.607,111.23,1,-1,-1,-1
121,18,439.649,207.175,118.039,88.9064,1,-1,-1,-1
121,6,930.164,228.552,128.576,64.334,1,-1,-1,-1
121,1,565.977,441.192,103.954,112.151,1,-1,-1,-1
122,18,440.659,206.285,119.087,90.2326,1,-1,-1,-1
122,11,729.513,114.235,73.2401,66.2383,1,-1,-1,-1
122,8,943.55,125.966,67.1913,68.0352,1,-1,-1,-1
122,6,932.829,228.477,127.796,64.6594,1,-1,-1,-1
122,1,566.125,441.512,104.159,111.378,1,-1,-1,-1
123,18,442.485,204.087,120.162,91.8545,1,-1,-1,-1
123,8,943.417,126.602,67.9967,67.5338,1,-1,-1,-1
123,6,934.752,228.284,127.066,64.7387,1,-1,-1,-1
123,1,567.559,441.871,102.861,109.257,1,-1,-1,-1
124,18,443.173,204.299,123.828,92.0004,1,-1,-1,-1
124,8,943.661,126.506,68.6208,67.8325,1,-1,-1,-1
124,6,938.646,227.948,124.756,65.2139,1,-1,-1,-1
124,1,567.717,443.641,104.896,106.968,1,-1,-1,-1
125,18,443.484,204.098,123.482,93.5233,1,-1,-1,-1
125,6,943.214,227.742,120.181,65.3806,1,-1,-1,-1
125,1,567.676,442.76,105.399,107.233,1,-1,-1,-1
126,18,443.844,200.246,123.048,95.8774,1,-1,-1,-1
126,1,567.861,441.781,105.306,108.289,1,-1,-1,-1
127,18,443.623,199.791,127.613,96.6577,1,-1,-1,-1
127,1,569.033,442.775,103.79,107.297,1,-1,-1,-1
128,18,443.132,199.986,127.935,92.7119,1,-1,-1,-1
128,1,568.896,442.075,104.271,106.706,1,-1,-1,-1
129,1,569.861,440.846,104.141,108.832,1,-1,-1,-1
130,18,463.277,197.163,112.964,84.126,1,-1,-1,-1
130,8,948.616,126.622,67.3552,65.576,1,-1,-1,-1
130,6,972.122,207.033,121.952,79.269,1,-1,-1,-1
130,1,572.925,438.42,102.992,106.93,1,-1,-1,-1
131,18,463.359,196.911,112.867,83.8995,1,-1,-1,-1
131,11,741.066,109.33,74.5935,62.1636,1,-1,-1,-1
131,8,948.474,126.621,67.5391,65.5278,1,-1,-1,-1
131,6,972.308,207.022,121.768,79.168,1,-1,-1,-1
131,1,572.809,438.227,102.894,106.697,1,-1,-1,-1
132,18,463.214,196.663,113.26,83.6134,1,-1,-1,-1
132,8,948.434,126.589,67.6112,65.836,1,-1,-1,-1
132,6,973.178,208.359,119.592,78.3268,1,-1,-1,-1
132,1,572.791,436.551,103.326,108.404,1,-1,-1,-1
133,18,463.54,197.167,114.497,85.2011,1,-1,-1,-1
133,8,948.367,126.62,68.561,63.944,1,-1,-1,-1
133,6,976.618,204.757,118.269,81.686,1,-1,-1,-1
133,1,573.04,437.825,102.376,105.573,1,-1,-1,-1
134,18,463.814,196.857,114.52,84.854,1,-1,-1,-1
134,11,740.672,108.987,77.3644,62.6645,1,-1,-1,-1
134,8,949.326,126.008,68.563,65.201,1,-1,-1,-1
134,6,976.843,203.112,119.104,83.7004,1,-1,-1,-1
134,1,573.132,437.171,102.74,107.252,1,-1,-1,-1
135,18,464.178,195.614,117.945,83.997,1,-1,-1,-1
135,11,741.6,107.466,76.013,66.2133,1,-1,-1,-1
135,8,949.288,125.609,68.9447,65.5867,1,-1,-1,-1
135,6,981.551,206.957,110.216,78.7533,1,-1,-1,-1
135,1,573.266,437.057,102.509,107.326,1,-1,-1,-1
136,18,463.129,193.073,120.219,86.0465,1,-1,-1,-1
136,11,742.975,106.918,72.9678,64.8303,1,-1,-1,-1
136,8,951.418,124.274,68.1078,63.6057,1,-1,-1,-1
136,1,574.879,433.623,101.033,107.676,1,-1,-1,-1
137,18,462.934,191.075,122.329,87.9975,1,-1,-1,-1
137,11,742.9,105.462,73.7489,66.2918,1,-1,-1,-1
137,8,951.263,123.889,68.4997,63.5462,1,-1,-1,-1
137,1,576.447,435.508,99.8113,104.956,1,-1,-1,-1
138,18,463.143,190.515,123.11,88.3748,1,-1,-1,-1
138,11,742.256,105.907,74.7553,64.3925,1,-1,-1,-1
138,8,952.094,123.737,69.1306,63.6034,1,-1,-1,-1
138,6,992.322,205.171,102.704,78.3357,1,-1,-1,-1
138,1,576.406,433.96,100.204,106.679,1,-1,-1,-1
139,18,462.822,189.674,125.049,89.2535,1,-1,-1,-1
139,8,951.326,122.975,70.8314,64.7208,1,-1,-1,-1
139,1,573.886,434.356,103.458,106.977,1,-1,-1,-1
140,18,465.014,189.553,123.169,89.8414,1,-1,-1,-1
140,8,951.316,121.617,72.0059,66.3641,1,-1,-1,-1
140,1,573.798,434.918,105.518,106.599,1,-1,-1,-1
141,18,467.932,185.812,124.085,93.3363,1,-1,-1,-1
141,8,951.651,120.802,71.9243,67.2401,1,-1,-1,-1
141,1,574.054,435.49,108.203,104.386,1,-1,-1,-1
142,18,469.509,185.7,122.553,92.0758,1,-1,-1,-1
142,8,951.574,120.595,72.1664,67.8457,1,-1,-1,-1
142,1,574.243,434.141,109.859,106.248,1,-1,-1,-1
143,18,478.725,185.921,113.834,84.7852,1,-1,-1,-1
143,11,747.304,101.339,69.2059,64.3693,1,-1,-1,-1
143,8,953.253,120.293,69.9692,67.7512,1,-1,-1,-1
143,1,574.647,433.255,109.257,103.977,1,-1,-1,-1
144,29,100.011,626.484,175.862,91.8865,1,-1,-1,-1
144,18,483.747,186.085,112.53,82.4918,1,-1,-1,-1
144,11,747.852,100.481,67.7691,65.5408,1,-1,-1,-1
144,8,953.225,119.371,71.2617,68.5902,1,-1,-1,-1
144,5,837.283,40.2632,61.147,58.6462,1,-1,-1,-1
144,1,575.197,432.56,111.065,103.524,1,-1,-1,-1
145,30,638.648,184.435,81.9614,59.9307,1,-1,-1,-1
145,29,108.779,619.631,175.536,98.6532,1,-1,-1,-1
145,18,486.24,182.41,110.636,83.1649,1,-1,-1,-1
145,11,748.505,100.386,66.4265,62.7368,1,-1,-1,-1
145,8,954.744,120.333,71.1196,66.1197,1,-1,-1,-1
145,5,839.586,40.486,58.4863,59.9443,1,-1,-1,-1
145,1,580.909,433.695,108.085,98.8635,1,-1,-1,-1
146,30,638.553,184.533,82.1069,60.5968,1,-1,-1,-1
146,29,108.432,618.949,177.302,99.3386,1,-1,-1,-1
146,18,485.902,181.797,110.993,84.1622,1,-1,-1,-1
146,11,748.522,100.321,67.5584,62.8404,1,-1,-1,-1
146,8,954.799,119.714,71.0724,66.6335,1,-1,-1,-1
146,5,840.901,38.881,58.1393,60.6867,1,-1,-1,-1
146,2,1072.32,92.5823,61.238,54.5181,1,-1,-1,-1
146,1,580.867,432.945,108.224,99.7283,1,-1,-1,-1
147,30,638.409,185.61,81.9565,61.7802,1,-1,-1,-1
147,29,134.064,603.355,181.306,115.197,1,-1,-1,-1
147,18,486.202,181.785,110.535,83.9132,1,-1,-1,-1
147,14,896.306,101.759,62.3715,57.2487,1,-1,-1,-1
147,11,748.876,100.612,66.2117,62.2165,1,-1,-1,-1
147,8,955.088,120.322,70.1951,65.7829,1,-1,-1,-1
147,5,841.215,39.1161,57.519,59.4233,1,-1,-1,-1
147,2,1072.65,92.5065,60.3805,54.7405,1,-1,-1,-1
147,1,581.49,428.987,107.406,102.336,1,-1,-1,-1
148,30,639.674,185.029,80.0609,59.5017,1,-1,-1,-1
148,29,144.337,595.987,177.682,122.706,1,-1,-1,-1
148,18,486.164,183.121,112.35,82.6334,1,-1,-1,-1
148,14,896.334,101.732,62.2582,57.1286,1,-1,-1,-1
148,11,749.018,100.781,66.1973,62.1351,1,-1,-1,-1
148,8,955.03,120.836,69.9607,64.7951,1,-1,-1,-1
148,5,842.355,39.0821,56.0854,59.2371,1,-1,-1,-1
148,2,1073.59,92.5334,59.201,54.2666,1,-1,-1,-1
148,1,580.744,424.067,108.979,109.313,1,-1,-1,-1
149,30,640.535,184.765,79.2565,58.3931,1,-1,-1,-1
149,29,158.1,588.086,168.232,130.337,1,-1,-1,-1
149,18,486.488,178.636,113.333,84.5669,1,-1,-1,-1
149,11,749.208,100.647,65.0445,61.7929,1,-1,-1,-1
149,8,956.377,120.986,68.3828,64.3511,1,-1,-1,-1
149,5,842.411,39.2202,55.6852,59.2162,1,-1,-1,-1
149,2,1073.7,91.9865,59.8387,53.5492,1,-1,-1,-1
149,1,581.86,423.721,108.01,109.098,1,-1,-1,-1
150,32,967.42,41.8479,56.3044,51.8468,1,-1,-1,-1
150,31,789.001,142.235,149.977,66.4343,1,-1,-1,-1
150,30,640.769,184.348,79.623,59.4685,1,-1,-1,-1
150,29,166.698,581.328,170.866,137.28,1,-1,-1,-1
150,18,486.507,176.45,118.238,87.6753,1,-1,-1,-1
150,14,895.897,101.418,62.6864,58.535,1,-1,-1,-1
150,11,749.908,99.7141,65.3489,61.4789,1,-1,-1,-1
150,8,956.324,120.751,68.645,64.2764,1,-1,-1,-1
150,5,841.979,38.9515,55.4302,60.2537,1,-1,-1,-1
150,2,1073.44,91.8044,60.9979,51.9308,1,-1,-1,-1
150,1,583.169,422.946,106.205,106.792,1,-1,-1,-1
151,33,903.299,15.1307,58.105,60.4294,1,-1,-1,-1
151,31,788.471,141.431,154.106,66.9548,1,-1,-1,-1
151,30,640.183,184.158,80.0191,57.1339,1,-1,-1,-1
151,29,180.001,567.441,169.059,148.849,1,-1,-1,-1
151,18,486.549,177.693,117.06,85.2195,1,-1,-1,-1
151,14,896.06,100.443,62.822,55.9025,1,-1,-1,-1
151,11,749.783,97.5025,65.7087,61.893,1,-1,-1,-1
151,8,956.196,119.867,69.2251,63.9701,1,-1,-1,-1
151,5,842.111,38.629,55.0253,59.5096,1,-1,-1,-1
151,2,1074.42,85.6345,62.5049,56.2016,1,-1,-1,-1
151,1,582.254,422.247,107.881,107.386,1,-1,-1,-1
152,30,640.707,184.403,79.6605,55.4575,1,-1,-1,-1
152,29,187.994,565.369,164.789,128.751,1,-1,-1,-1
152,18,486.445,176.829,116.479,86.1385,1,-1,-1,-1
152,11,751.453,97.7584,63.9391,59.6123,1,-1,-1,-1
152,8,960.001,119.636,68.8336,64.2116,1,-1,-1,-1
152,5,842.57,38.6691,54.2294,59.1641,1,-1,-1,-1
152,2,1074.36,86.3383,62.6228,57.6059,1,-1,-1,-1
152,1,582.998,423.272,108.539,106.098,1,-1,-1,-1
153,30,641.092,183.861,79.4009,58.4859,1,-1,-1,-1
153,29,200.985,555.811,160.276,132.439,1,-1,-1,-1
153,18,487.763,174.941,119.917,88.5954,1,-1,-1,-1
153,11,752.249,96.9505,66.5051,60.9566,1,-1,-1,-1
153,8,959.616,119.621,69.4608,64.2133,1,-1,-1,-1
153,5,842.85,38.1504,53.538,59.7024,1,-1,-1,-1
153,2,1074.27,85.6296,63.0474,56.6012,1,-1,-1,-1
153,1,584.525,422.458,106.64,106.626,1,-1,-1,-1
154,18,486.389,174.265,121.539,91.3815,1,-1,-1,-1
154,8,959.37,119.065,70.077,65.1452,1,-1,-1,-1
154,2,1075,85.0578,63.4957,56.7431,1,-1,-1,-1
154,1,585.245,418.333,106.241,110.64,1,-1,-1,-1
155,18,486.456,174.59,121.071,91.5825,1,-1,-1,-1
155,8,959.517,118.542,70.6174,66.0279,1,-1,-1,-1
155,1,585.778,419.635,109.164,105.677,1,-1,-1,-1
156,18,488.741,174.575,119.864,91.7685,1,-1,-1,-1
156,8,962.165,118.152,67.7227,66.2519,1,-1,-1,-1
156,1,587.067,418.744,108.156,104.562,1,-1,-1,-1
157,18,495.091,172.616,115.098,91.97,1,-1,-1,-1
157,8,962.558,117.759,67.1629,65.0558,1,-1,-1,-1
157,1,588.802,417.3,108.007,104.753,1,-1,-1,-1
158,18,496.327,170.343,114.409,92.984,1,-1,-1,-1
158,1,589.123,414.821,107.926,106.672,1,-1,-1,-1
159,18,497.822,172.793,114.2,90.9483,1,-1,-1,-1
159,8,962.397,118.295,68.5729,63.3364,1,-1,-1,-1
159,1,591.187,412.444,108.284,108.149,1,-1,-1,-1
160,29,272.024,505.656,148.229,123.774,1,-1,-1,-1
160,18,505.757,170.61,107.338,84.5252,1,-1,-1,-1
160,1,593.37,417.086,104.088,96.8418,1,-1,-1,-1
161,29,272.041,506.015,147.974,123.395,1,-1,-1,-1
161,18,505.853,170.889,107.24,84.4115,1,-1,-1,-1
161,1,593.293,417.103,104.192,96.8833,1,-1,-1,-1
162,29,288.327,492.943,151.316,120.604,1,-1,-1,-1
162,18,505.999,171.414,106.956,82.669,1,-1,-1,-1
162,1,593.954,418.645,103.203,94.2585,1,-1,-1,-1
163,29,296.337,484.629,144.909,118.917,1,-1,-1,-1
163,18,506.125,171.24,107.933,83.0859,1,-1,-1,-1
163,8,962.267,117.944,70.6984,61.534,1,-1,-1,-1
163,1,593.966,416.391,104.253,97.3823,1,-1,-1,-1
164,29,302.796,477.705,154.186,126.013,1,-1,-1,-1
164,18,507.03,169.963,108.901,83.2074,1,-1,-1,-1
164,8,961.969,118.003,71.6429,61.6,1,-1,-1,-1
164,1,594.476,413.697,104.196,96.2166,1,-1,-1,-1
165,29,310.089,472.959,148.909,125.432,1,-1,-1,-1
165,18,507.217,169.635,110.44,82.8625,1,-1,-1,-1
165,8,961.98,117.958,71.6779,61.5902,1,-1,-1,-1
165,1,596.608,413.773,103.232,96.6266,1,-1,-1,-1
166,36,1053.35,35.0662,54.7893,51.0664,1,-1,-1,-1
166,35,1236.46,12.5608,41.783,43.4827,1,-1,-1,-1
166,34,653.578,154.197,131.411,86.0095,1,-1,-1,-1
166,33,906.733,12.4925,55.5826,57.3194,1,-1,-1,-1
166,32,972.262,36.8577,57.6769,51.8676,1,-1,-1,-1
166,31,807.839,130.554,151.233,68.6717,1,-1,-1,-1
166,30,654.631,176.72,78.1413,61.9078,1,-1,-1,-1
166,29,318.201,465.318,150.227,123.35,1,-1,-1,-1
166,18,507.623,167.682,110.437,83.8273,1,-1,-1,-1
166,14,900.915,97.3643,64.4713,56.2095,1,-1,-1,-1
166,11,758.072,91.8034,72.2972,61.8905,1,-1,-1,-1
166,8,962.187,117.216,71.6671,61.855,1,-1,-1,-1
166,6,1044.3,202.434,77.4673,64.4238,1,-1,-1,-1
166,5,843.638,30.3435,57.1561,60.5787,1,-1,-1,-1
166,2,1086,71.049,64.5901,50.256,1,-1,-1,-1
166,1,596.796,413.43,104.141,95.7708,1,-1,-1,-1
167,35,1236.51,12.6696,41.7831,43.6013,1,-1,-1,-1
167,34,654.676,154.069,133.458,87.241,1,-1,-1,-1
167,33,907.011,12.1914,54.9504,57.3838,1,-1,-1,-1
167,32,972.398,37.1382,58.0694,51.8299,1,-1,-1,-1
167,31,807.598,130.752,151.223,71.953,1,-1,-1,-1
167,30,654.705,177.776,77.9826,63.8625,1,-1,-1,-1
167,29,326.067,463.039,144.543,122.877,1,-1,-1,-1
167,18,510.104,167.673,108.474,83.4559,1,-1,-1,-1
167,14,901.776,97.1079,64.3029,58.5482,1,-1,-1,-1
167,11,758.504,90.4406,71.3502,59.1337,1,-1,-1,-1
167,8,962.163,116.334,71.792,62.3633,1,-1,-1,-1
167,6,1044.02,202.606,78.0599,63.658,1,-1,-1,-1
167,5,843.434,29.8074,57.5903,60.2144,1,-1,-1,-1
167,2,1086.06,70.7899,64.6649,50.7678,1,-1,-1,-1
167,1,596.89,412.532,104.081,94.2641,1,-1,-1,-1
168,37,1015.18,1.24067,49.2955,47.3916,1,-1,-1,-1
168,36,1053.59,35.7341,55.075,49.185,1,-1,-1,-1
168,35,1236.53,12.779,41.7859,43.2436,1,-1,-1,-1
168,34,655.285,153.723,132.219,84.5513,1,-1,-1,-1
168,33,905.893,12.3887,56.6122,57.2563,1,-1,-1,-1
168,32,972.07,37.3253,59.6506,51.3543,1,-1,-1,-1
168,31,808.044,130.753,150.516,71.1433,1,-1,-1,-1
168,30,655.21,176.463,75.822,60.5758,1,-1,-1,-1
168,29,338.388,461.344,140.734,117.758,1,-1,-1,-1
168,18,510.43,167.896,108.41,82.9886,1,-1,-1,-1
168,14,902.311,97.1291,63.3271,56.5403,1,-1,-1,-1
168,11,759.522,89.7138,70.034,60.7316,1,-1,-1,-1
168,8,962.224,116.737,72.0114,60.6169,1,-1,-1,-1
168,6,1043.17,201.946,79.1891,63.0598,1,-1,-1,-1
168,5,844.214,31.0548,57.6443,57.4898,1,-1,-1,-1
168,2,1087.29,69.2934,64.3206,50.6533,1,-1,-1,-1
168,1,597.413,411.442,104.239,93.6971,1,-1,-1,-1
169,37,1015.13,1.20997,49.9725,47.5064,1,-1,-1,-1
169,36,1053.81,35.7632,54.7705,49.2437,1,-1,-1,-1
169,35,1236.61,12.8124,41.658,43.089,1,-1,-1,-1
169,34,656.122,153.21,131.093,83.4855,1,-1,-1,-1
169,33,906.127,12.4956,56.168,56.7782,1,-1,-1,-1
169,32,971.767,37.2746,59.942,51.6312,1,-1,-1,-1
169,31,808.153,130.685,150.373,70.141,1,-1,-1,-1
169,30,655.989,175.676,74.1021,59.4539,1,-1,-1,-1
169,29,348.207,452.554,140.418,122.223,1,-1,-1,-1
169,18,510.313,166.905,109.243,83.7901,1,-1,-1,-1
169,14,901.761,97.043,63.7853,56.3875,1,-1,-1,-1
169,11,759.835,89.6061,69.9105,59.7774,1,-1,-1,-1
169,8,962.323,116.79,71.7435,60.0829,1,-1,-1,-1
169,5,844.297,29.9517,57.3366,57.951,1,-1,-1,-1
169,2,1088.05,66.4429,63.6721,51.1868,1,-1,-1,-1
169,1,598.357,411.401,103.9,93.3728,1,-1,-1,-1
170,37,1015.07,1.2406,49.9543,47.4389,1,-1,-1,-1
170,36,1053.76,35.6944,54.4933,49.3566,1,-1,-1,-1
170,35,1236.8,12.8296,41.4188,42.9433,1,-1,-1,-1
170,34,654.356,155.664,124.174,82.7007,1,-1,-1,-1
170,33,906.034,12.4612,56.3012,57.3653,1,-1,-1,-1
170,32,971.617,37.2107,60.147,51.9463,1,-1,-1,-1
170,31,807.578,130.762,150.977,69.9489,1,-1,-1,-1
170,30,655.423,175.506,73.9262,60.6535,1,-1,-1,-1
170,29,357.076,448.256,139.377,121.92,1,-1,-1,-1
170,18,509.91,166.002,110.184,85.24,1,-1,-1,-1
170,14,901.479,96.0411,64.1467,58.7326,1,-1,-1,-1
170,11,759.631,89.6201,70.3514,59.8639,1,-1,-1,-1
170,8,962.417,116.496,71.9752,59.9321,1,-1,-1,-1
170,6,1043.21,200.001,79.749,64.4377,1,-1,-1,-1
170,5,844.381,29.9491,56.8327,59.0084,1,-1,-1,-1
170,2,1088.79,65.9477,63.4828,51.3123,1,-1,-1,-1
170,1,598.174,411.843,106.796,93.1012,1,-1,-1,-1
171,37,1015.05,1.27841,49.6835,47.4414,1,-1,-1,-1
171,36,1053.94,35.0261,54.7274,49.8376,1,-1,-1,-1
171,35,1236.75,12.8912,41.4926,43.0127,1,-1,-1,-1
171,34,654.202,153.057,125.729,85.8908,1,-1,-1,-1
171,33,905.893,12.1674,56.2775,57.7316,1,-1,-1,-1
171,32,971.422,37.2987,60.3879,51.9972,1,-1,-1,-1
171,31,817.144,98.146,149.671,100.087,1,-1,-1,-1
171,30,655.274,175.347,75.2982,61.469,1,-1,-1,-1
171,29,363.26,444.255,139.892,124.652,1,-1,-1,-1
171,18,509.696,163.245,111.082,87.1049,1,-1,-1,-1
171,14,900.939,95.9764,65.6641,59.4437,1,-1,-1,-1
171,11,760.645,88.8171,67.6877,59.6082,1,-1,-1,-1
171,8,962.37,115.966,72.2852,61.1455,1,-1,-1,-1
171,6,1042.54,199.559,84.4982,63.8455,1,-1,-1,-1
171,5,846.083,29.9048,55.3452,60.3555,1,-1,-1,-1
171,2,1088.29,66.4209,64.0584,51.4033,1,-1,-1,-1
171,1,598.569,410.032,107.436,93.8513,1,-1,-1,-1
172,34,654.963,148.262,137.854,90.4037,1,-1,-1,-1
172,32,971.752,37.0892,59.8984,51.6235,1,-1,-1,-1
172,31,820.363,98.2574,146.187,99.13,1,-1,-1,-1
172,30,655.42,175.396,75.468,61.5561,1,-1,-1,-1
172,29,370.792,439.584,140.813,116.048,1,-1,-1,-1
172,18,510.19,163.784,113.389,86.3212,1,-1,-1,-1
172,14,901.43,95.6891,65.3113,59.6448,1,-1,-1,-1
172,11,761.047,87.0515,68.5921,61.2587,1,-1,-1,-1
172,8,962.339,115.437,72.4091,61.982,1,-1,-1,-1
172,6,1042.47,198.323,85.4028,66.7237,1,-1,-1,-1
172,5,846.008,30.0489,55.0512,59.9157,1,-1,-1,-1
172,2,1087.04,65.1804,65.951,54.3302,1,-1,-1,-1
172,1,599.057,408.099,106.912,96.5007,1,-1,-1,-1
173,31,820.349,97.869,146.484,99.6416,1,-1,-1,-1
173,30,655.337,174.994,75.2723,62.2303,1,-1,-1,-1
173,29,370.78,439.258,140.456,116.638,1,-1,-1,-1
173,18,510.359,163.861,113.847,86.4743,1,-1,-1,-1
173,11,760.961,86.8417,68.8315,61.6939,1,-1,-1,-1
173,8,962.293,114.242,72.2581,63.0928,1,-1,-1,-1
173,6,1042.31,195.104,85.3762,67.9604,1,-1,-1,-1
173,5,846.318,29.9873,54.2469,59.1605,1,-1,-1,-1
173,2,1086.84,64.8848,66.2235,54.8771,1,-1,-1,-1
173,1,599.342,408.237,106.887,96.4757,1,-1,-1,-1
174,38,765.833,1.04557,388.32,202.4,1,-1,-1,-1
174,30,654.965,173.338,76.1003,62.3986,1,-1,-1,-1
174,29,386.161,426.043,134.187,117.747,1,-1,-1,-1
174,18,511.211,164.675,113.203,85.8176,1,-1,-1,-1
174,11,762.454,86,69.3804,62.8007,1,-1,-1,-1
174,8,963.925,113.235,72.0569,64.6023,1,-1,-1,-1
174,1,602.151,402.327,105.785,100.319,1,-1,-1,-1
175,39,1035.49,184.357,104.648,146.649,1,-1,-1,-1
175,37,1017.72,0.919501,50.1528,46.4958,1,-1,-1,-1
175,36,1057.3,29.2803,54.5085,51.3282,1,-1,-1,-1
175,35,1235.77,12.6975,42.5718,42.1864,1,-1,-1,-1
175,33,908.708,7.89484,58.6037,58.774,1,-1,-1,-1
175,32,973.062,34.3833,61.6586,51.587,1,-1,-1,-1
175,31,827.357,129.837,123.096,67.5993,1,-1,-1,-1
175,30,661.019,169.351,75.3945,60.878,1,-1,-1,-1
175,29,395.205,423.119,130.964,107.683,1,-1,-1,-1
175,18,518.849,163.071,106.577,82.2728,1,-1,-1,-1
175,14,907.242,93.932,61.5463,59.1449,1,-1,-1,-1
175,11,767.108,83.8833,70.8018,63.4599,1,-1,-1,-1
175,8,968.468,112.329,69.876,64.7293,1,-1,-1,-1
175,6,1040.83,195.377,98.557,73.571,1,-1,-1,-1
175,5,847.172,28.2138,54.5806,55.9726,1,-1,-1,-1
175,2,1095.63,62.5143,61.4962,49.6082,1,-1,-1,-1
175,1,606.247,402.85,101.935,94.9033,1,-1,-1,-1
176,39,1035.55,184.339,104.64,146.134,1,-1,-1,-1
176,37,1018.47,0.71675,51.3674,46.7353,1,-1,-1,-1
176,36,1057.24,29.3571,54.5278,51.2034,1,-1,-1,-1
176,35,1235.72,12.415,42.6222,42.4523,1,-1,-1,-1
176,33,909.088,7.81644,58.1747,58.611,1,-1,-1,-1
176,32,973.056,34.2903,61.7145,51.6989,1,-1,-1,-1
176,31,827.422,129.944,122.629,67.3944,1,-1,-1,-1
176,30,661.024,169.179,75.3071,60.9207,1,-1,-1,-1
176,29,395.317,421.451,130.959,109.224,1,-1,-1,-1
176,18,519.015,163.292,106.473,81.9044,1,-1,-1,-1
176,14,907.267,93.9027,61.5174,59.1988,1,-1,-1,-1
176,11,767.114,83.5903,70.9834,63.7039,1,-1,-1,-1
176,8,968.514,112.382,69.7787,64.6536,1,-1,-1,-1
176,6,1040.81,195.357,98.641,73.463,1,-1,-1,-1
176,5,847.193,28.4135,54.4518,55.6478,1,-1,-1,-1
176,2,1095.64,62.5981,61.4957,49.4684,1,-1,-1,-1
176,1,606.312,402.919,101.84,94.7113,1,-1,-1,-1
177,37,1018.7,0.608292,51.0573,46.7977,1,-1,-1,-1
177,36,1057.19,29.4722,54.2974,51.1361,1,-1,-1,-1
177,35,1235.58,12.5467,42.796,42.128,1,-1,-1,-1
177,33,909.401,7.90824,57.3519,58.4756,1,-1,-1,-1
177,32,973.403,34.4229,61.1291,50.6704,1,-1,-1,-1
177,31,827.396,131.036,120.021,66.1735,1,-1,-1,-1
177,30,661.213,169.276,74.5891,60.5835,1,-1,-1,-1
177,29,400.918,415.909,126.467,110.951,1,-1,-1,-1
177,18,519.129,163.681,106.284,81.2244,1,-1,-1,-1
177,14,906.875,94.0099,62.0416,60.501,1,-1,-1,-1
177,11,767.26,83.6702,70.2466,63.4152,1,-1,-1,-1
177,8,968.54,112.345,69.8666,64.7089,1,-1,-1,-1
177,6,1040.77,195.207,98.7471,73.6577,1,-1,-1,-1
177,5,847.109,28.2581,54.682,55.6836,1,-1,-1,-1
177,2,1095.96,62.4635,61.1185,49.5076,1,-1,-1,-1
177,1,606.699,403.087,101.274,93.6942,1,-1,-1,-1
178,39,1035.02,183.205,108.07,146.653,1,-1,-1,-1
178,37,1018.98,0.601237,51.4093,45.6158,1,-1,-1,-1
178,36,1056.93,29.3302,55.2023,51.2711,1,-1,-1,-1
178,35,1235.54,12.5148,42.8663,42.1635,1,-1,-1,-1
178,33,909.44,7.87053,57.0813,58.2035,1,-1,-1,-1
178,32,973.409,34.5244,61.3633,50.6176,1,-1,-1,-1
178,31,829.043,130.683,123.641,66.9273,1,-1,-1,-1
178,30,660.667,169.349,73.5349,60.3775,1,-1,-1,-1
178,29,413.613,409.569,128.519,112.808,1,-1,-1,-1
178,18,519.396,163.677,106.096,81.5961,1,-1,-1,-1
178,14,907.223,93.9972,61.5939,58.3212,1,-1,-1,-1
178,11,767.224,83.4659,70.4515,63.4979,1,-1,-1,-1
178,8,968.761,112.381,69.7045,64.6999,1,-1,-1,-1
178,6,1040.72,194.28,101.671,74.924,1,-1,-1,-1
178,5,847.128,28.3454,54.7406,55.4548,1,-1,-1,-1
178,2,1096.59,61.6323,60.5626,50.1916,1,-1,-1,-1
178,1,606.664,402.671,102.015,93.0552,1,-1,-1,-1
179,39,1034.29,182.812,108.508,147.182,1,-1,-1,-1
179,37,1018.87,0.624047,50.9472,45.58,1,-1,-1,-1
179,36,1056.89,28.7086,55.7244,51.7693,1,-1,-1,-1
179,35,1235.43,12.3992,42.9513,42.1177,1,-1,-1,-1
179,33,909.204,7.77388,57.3823,59.1185,1,-1,-1,-1
179,32,973.357,34.7142,60.3362,50.1843,1,-1,-1,-1
179,31,828.931,130.244,126.362,67.3203,1,-1,-1,-1
179,30,660.625,169.109,73.0713,61.2056,1,-1,-1,-1
179,29,419.804,401.729,130.527,112.002,1,-1,-1,-1
179,18,519.348,162.208,106.223,83,1,-1,-1,-1
179,14,907.597,93.2794,61.0927,54.6024,1,-1,-1,-1
179,11,767.425,82.1277,70.8292,62.4216,1,-1,-1,-1
179,8,968.783,112.239,69.6375,64.8549,1,-1,-1,-1
179,6,1040.37,193.928,101.843,76.1619,1,-1,-1,-1
179,5,847.032,28.2555,54.9832,55.6301,1,-1,-1,-1
179,2,1096.46,58.1208,61.4999,51.6915,1,-1,-1,-1
179,1,607.222,397.965,103.209,94.6583,1,-1,-1,-1
180,39,1033.92,183.256,109.064,146.882,1,-1,-1,-1
180,37,1018.9,0.5022,51.5495,45.7807,1,-1,-1,-1
180,36,1056.99,28.9823,55.5223,51.3525,1,-1,-1,-1
180,35,1235.51,12.5761,42.8684,41.6069,1,-1,-1,-1
180,33,909.342,7.8684,57.2813,58.911,1,-1,-1,-1
180,32,973.4,34.5556,60.1156,50.2432,1,-1,-1,-1
180,31,830.904,130.09,124.007,67.2551,1,-1,-1,-1
180,30,660.633,168.64,73.6128,61.3583,1,-1,-1,-1
180,29,428.199,399.086,128.905,112.036,1,-1,-1,-1
180,18,519.025,163.247,106.642,82.9193,1,-1,-1,-1
180,14,907.659,93.2397,61.0967,54.858,1,-1,-1,-1
180,11,767.838,82.3717,69.9426,62.2596,1,-1,-1,-1
180,8,968.772,111.96,69.5128,65.0552,1,-1,-1,-1
180,6,1040.4,194.317,101.765,75.7236,1,-1,-1,-1
180,5,847.178,28.4001,54.7768,55.5567,1,-1,-1,-1
180,2,1096.8,57.8555,60.72,51.2273,1,-1,-1,-1
180,1,610.279,398.465,101.457,93.0475,1,-1,-1,-1
181,37,1018.86,0.510021,51.5107,45.8172,1,-1,-1,-1
181,36,1057.14,29.1978,55.1962,51.1927,1,-1,-1,-1
181,35,1235.7,12.6203,42.7043,41.589,1,-1,-1,-1
181,33,909.402,7.77037,57.293,58.9965,1,-1,-1,-1
181,32,973.573,34.345,59.7725,50.4416,1,-1,-1,-1
181,31,838.222,129.145,119.848,68.2543,1,-1,-1,-1
181,30,664.171,168.204,72.3018,61.4093,1,-1,-1,-1
181,29,435.838,398.206,126.248,108.947,1,-1,-1,-1
181,18,518.623,161.736,110.361,83.2514,1,-1,-1,-1
181,14,907.175,93.9285,61.5602,58.552,1,-1,-1,-1
181,11,767.98,82.3767,72.3259,60.7825,1,-1,-1,-1
181,8,968.506,111.282,69.9266,66.2168,1,-1,-1,-1
181,6,1039.91,190.623,102.066,76.3304,1,-1,-1,-1
181,5,847.277,28.4129,54.5105,55.4141,1,-1,-1,-1
181,2,1096.39,57.7816,64.2831,51.3852,1,-1,-1,-1
181,1,609.545,399.274,102.686,93.518,1,-1,-1,-1
182,37,1018.82,0.475267,51.735,45.9481,1,-1,-1,-1
182,36,1057.25,29.1933,54.8413,51.1618,1,-1,-1,-1
182,35,1235.83,12.465,42.562,41.5242,1,-1,-1,-1
182,33,909.321,7.68035,57.5286,58.9767,1,-1,-1,-1
182,32,973.485,34.3625,59.853,50.4516,1,-1,-1,-1
182,31,840.211,129.16,116.889,68.2476,1,-1,-1,-1
182,30,664.362,167.679,71.86,62.7913,1,-1,-1,-1
182,29,443.621,393.219,124.102,104.416,1,-1,-1,-1
182,18,518.602,160.732,110.964,85.285,1,-1,-1,-1
182,14,907.175,93.8711,61.5823,59.3859,1,-1,-1,-1
182,11,768.661,81.8685,73.1203,61.5917,1,-1,-1,-1
182,8,968.374,111.172,70.2987,66.7345,1,-1,-1,-1
182,6,1039.83,189.327,103.862,76.9158,1,-1,-1,-1
182,5,846.311,28.4898,55.7593,54.5737,1,-1,-1,-1
182,2,1096.19,56.4163,65.8104,53.0564,1,-1,-1,-1
182,1,610.845,398.168,104.277,93.1125,1,-1,-1,-1
183,37,1018.83,0.456527,51.5015,45.8718,1,-1,-1,-1
183,36,1057.19,29.0677,55.1027,51.5284,1,-1,-1,-1
183,35,1236,12.5764,42.3892,41.2937,1,-1,-1,-1
183,33,909.365,7.59491,57.5406,59.1218,1,-1,-1,-1
183,32,973.41,34.4695,59.9822,50.7023,1,-1,-1,-1
183,31,841.643,129.106,116.326,67.3,1,-1,-1,-1
183,30,664.717,166.186,72.2405,65.3418,1,-1,-1,-1
183,29,448.034,389.008,121.728,105.401,1,-1,-1,-1
183,18,518.666,160.182,110.693,85.5214,1,-1,-1,-1
183,14,907.193,93.8861,61.4964,59.1749,1,-1,-1,-1
183,11,769.794,77.7139,73.9507,66.1989,1,-1,-1,-1
183,8,968.477,111.211,70.1248,66.596,1,-1,-1,-1
183,6,1040.49,188.352,102.708,75.7024,1,-1,-1,-1
183,5,846.833,28.4337,55.0788,55.5036,1,-1,-1,-1
183,2,1098.82,55.9066,64.4423,50.3787,1,-1,-1,-1
183,1,611.096,395.726,104.075,96.6166,1,-1,-1,-1
184,37,1018.71,0.433383,51.6553,45.7815,1,-1,-1,-1
184,36,1057.16,29.2045,54.9406,51.3451,1,-1,-1,-1
184,35,1236.03,12.6807,42.3555,41.0319,1,-1,-1,-1
184,33,909.438,7.57638,57.5776,58.6813,1,-1,-1,-1
184,32,973.454,34.4145,59.9936,50.6948,1,-1,-1,-1
184,31,845.042,132.38,88.9135,59.6471,1,-1,-1,-1
184,30,664.428,166.485,73.5286,64.6245,1,-1,-1,-1
184,29,457.27,385.366,122.556,106.083,1,-1,-1,-1
184,18,518.638,160.355,111.068,84.459,1,-1,-1,-1
184,14,907.938,93.0583,61.2166,54.5468,1,-1,-1,-1
184,11,769.762,78.6692,74.6363,65.6074,1,-1,-1,-1
184,8,968.651,111.286,69.8022,66.4164,1,-1,-1,-1
184,6,1040.41,187.846,102.922,77.3739,1,-1,-1,-1
184,5,846.533,27.8401,55.437,54.9707,1,-1,-1,-1
184,2,1098.98,55.1425,65.0013,51.1335,1,-1,-1,-1
184,1,612.733,393.699,103.204,95.2171,1,-1,-1,-1
185,37,1018.59,0.450776,51.9614,45.898,1,-1,-1,-1
185,36,1057.02,28.9349,55.3301,51.9046,1,-1,-1,-1
185,35,1235.92,12.5608,42.4188,41.2276,1,-1,-1,-1
185,33,909.414,7.4565,57.7045,58.8908,1,-1,-1,-1
185,32,973.353,34.3006,60.2269,51.0331,1,-1,-1,-1
185,31,845.199,131.99,89.0173,59.7316,1,-1,-1,-1
185,30,664.14,165.319,73.5801,63.9765,1,-1,-1,-1
185,29,464.438,381.327,118.896,104.939,1,-1,-1,-1
185,18,518.269,158.744,111.648,86.4894,1,-1,-1,-1
185,14,907.853,93.0215,61.365,55.3557,1,-1,-1,-1
185,11,769.925,78.5374,74.2675,65.6578,1,-1,-1,-1
185,8,968.55,111.388,69.8581,66.3367,1,-1,-1,-1
185,6,1040.86,187.366,102.231,76.639,1,-1,-1,-1
185,5,846.473,27.7539,55.5494,55.2378,1,-1,-1,-1
185,2,1100.95,54.8685,62.9872,50.7693,1,-1,-1,-1
185,1,613.349,392.377,103.138,95.9506,1,-1,-1,-1
186,40,468.635,305.389,248.434,186.76,1,-1,-1,-1
186,37,1018.56,0.438008,51.8724,45.7316,1,-1,-1,-1
186,36,1056.96,29.1913,55.231,51.6333,1,-1,-1,-1
186,35,1235.9,12.6918,42.4652,40.9876,1,-1,-1,-1
186,33,909.468,7.64389,57.489,58.4297,1,-1,-1,-1
186,32,973.338,34.3871,60.3272,50.5971,1,-1,-1,-1
186,31,844.197,129.975,113.366,65.9205,1,-1,-1,-1
186,30,664.399,165.866,73.1356,62.045,1,-1,-1,-1
186,29,470.441,376.168,116.941,103.21,1,-1,-1,-1
186,18,518.261,158.702,111.685,86.5362,1,-1,-1,-1
186,14,908.427,93.182,60.8287,54.1393,1,-1,-1,-1
186,11,769.813,78.9347,75.4061,65.6928,1,-1,-1,-1
186,8,968.435,111.426,69.9916,65.7208,1,-1,-1,-1
186,6,1040.98,187.17,101.504,76.1456,1,-1,-1,-1
186,5,846.584,27.7255,55.4941,54.8618,1,-1,-1,-1
186,2,1101.46,53.3522,61.8157,48.9113,1,-1,-1,-1
186,1,613.427,393.946,103.873,93.5728,1,-1,-1,-1
187,37,1018.4,0.337582,51.8713,45.6569,1,-1,-1,-1
187,36,1056.84,29.1534,55.6281,50.4318,1,-1,-1,-1
187,35,1236.19,12.8154,42.1699,40.896,1,-1,-1,-1
187,33,909.843,7.6409,57.126,58.3611,1,-1,-1,-1
187,32,973.291,34.1515,60.3134,50.9727,1,-1,-1,-1
187,31,844.116,130.124,113.412,66.9689,1,-1,-1,-1
187,30,664.271,166.287,74.5792,61.2511,1,-1,-1,-1
187,29,478.726,373.697,112.53,100.265,1,-1,-1,-1
187,18,518.347,155.584,111.745,88.7181,1,-1,-1,-1
187,14,908.48,93.013,60.6262,53.7886,1,-1,-1,-1
187,11,771.1,78.9524,74.0191,64.4484,1,-1,-1,-1
187,8,968.509,111.545,69.7664,65.6557,1,-1,-1,-1
187,6,1040.11,187.39,102.81,76.1859,1,-1,-1,-1
187,5,846.809,26.5148,56.3274,55.2159,1,-1,-1,-1
187,2,1102.36,51.1314,58.8441,48.6831,1,-1,-1,-1
187,1,615.263,392.511,103.265,93.1834,1,-1,-1,-1
188,37,1018.34,0.414984,51.9614,45.8672,1,-1,-1,-1
188,36,1056.78,28.8522,56.8763,50.7445,1,-1,-1,-1
188,35,1236.08,12.4951,42.2463,41.7257,1,-1,-1,-1
188,33,909.383,7.94476,57.6901,58.5247,1,-1,-1,-1
188,32,973.062,34.28,60.7301,51.2643,1,-1,-1,-1
188,31,844.061,130.152,113.865,67.4033,1,-1,-1,-1
188,30,664.525,166.372,74.7838,59.213,1,-1,-1,-1
188,29,484.056,367.675,114.526,101.71,1,-1,-1,-1
188,18,520.029,157.52,109.602,88.5717,1,-1,-1,-1
188,14,908.608,93.2644,60.6376,53.7853,1,-1,-1,-1
188,11,770.985,78.1102,74.0969,66.0141,1,-1,-1,-1
188,8,968.356,111.431,70.0443,66.1758,1,-1,-1,-1
188,6,1039.49,187.158,103.835,79.4832,1,-1,-1,-1
188,5,847.071,26.391,56.186,55.7455,1,-1,-1,-1
188,2,1101.9,51.1068,61.9788,49.9032,1,-1,-1,-1
188,1,616.519,390.157,103.858,93.55,1,-1,-1,-1
189,39,1032.59,175.611,111.856,156.769,1,-1,-1,-1
189,37,1018.28,0.32872,53.5531,45.7984,1,-1,-1,-1
189,36,1058.24,27.5758,60.1194,53.0993,1,-1,-1,-1
189,35,1235.95,12.4326,42.3756,42.1297,1,-1,-1,-1
189,33,908.728,7.79793,58.1727,58.5756,1,-1,-1,-1
189,32,972.664,33.875,61.8662,52.1977,1,-1,-1,-1
189,31,844.927,130.49,113.936,69.2541,1,-1,-1,-1
189,30,664.555,163.163,78.1971,64.8023,1,-1,-1,-1
189,29,488.095,360.743,121.732,104.711,1,-1,-1,-1
189,18,525.576,157.696,104.19,85.8394,1,-1,-1,-1
189,14,908.584,93.3748,60.351,52.7198,1,-1,-1,-1
189,11,773.743,77.3177,70.712,64.9695,1,-1,-1,-1
189,8,968.124,111.323,71.0001,66.7266,1,-1,-1,-1
189,6,1038.61,186.24,105.224,81.7912,1,-1,-1,-1
189,5,846.88,26.4318,56.4068,56.0296,1,-1,-1,-1
189,2,1102.04,48.3602,62.8959,52.8344,1,-1,-1,-1
189,1,615.977,388.639,106.161,95.584,1,-1,-1,-1
190,39,1031.89,175.133,115.499,161.99,1,-1,-1,-1
190,37,1019.83,0.490692,51.8458,45.5273,1,-1,-1,-1
190,36,1062.63,24.944,55.6726,53.0172,1,-1,-1,-1
190,35,1235.05,12.2361,43.2328,42.7685,1,-1,-1,-1
190,33,911.071,7.91251,56.0452,57.6208,1,-1,-1,-1
190,32,979.355,29.1092,59.3275,54.3442,1,-1,-1,-1
190,31,848.966,128.185,110.419,71.3492,1,-1,-1,-1
190,30,668.957,162.702,75.9376,64.7422,1,-1,-1,-1
190,29,495.362,358.894,113.557,99.2036,1,-1,-1,-1
190,18,527.531,156.687,105.098,85.8229,1,-1,-1,-1
190,14,913.16,91.1039,61.2191,56.189,1,-1,-1,-1
190,11,776.425,75.6262,69.4864,61.0958,1,-1,-1,-1
190,8,968.997,110.209,71.3977,63.796,1,-1,-1,-1
190,6,1038.3,185.73,107.649,82.9972,1,-1,-1,-1
190,5,847.107,25.6702,55.5106,56.6557,1,-1,-1,-1
190,2,1110.45,47.3162,58.5029,51.0095,1,-1,-1,-1
190,1,620.277,388.946,102.291,92.3138,1,-1,-1,-1
191,39,1031.6,175.397,117.07,160.539,1,-1,-1,-1
191,37,1020.21,0.625467,50.2655,45.2373,1,-1,-1,-1
191,36,1063.32,25.1281,55.0782,52.2156,1,-1,-1,-1
191,35,1235.05,12.8283,43.2125,41.9934,1,-1,-1,-1
191,33,910.981,7.85816,56.4001,58.9324,1,-1,-1,-1
191,32,979.347,28.7831,59.2266,54.4345,1,-1,-1,-1
191,31,849.447,128.234,110.968,70.5036,1,-1,-1,-1
191,30,669.61,161.841,74.2524,61.4607,1,-1,-1,-1
191,29,495.469,359.364,114.362,98.6814,1,-1,-1,-1
191,18,527.571,156.102,105.324,86.1817,1,-1,-1,-1
191,14,912.949,91.0457,61.456,56.3801,1,-1,-1,-1
191,11,776.547,75.6801,69.2025,60.9089,1,-1,-1,-1
191,8,969.325,110.279,70.9697,63.8884,1,-1,-1,-1
191,6,1038.02,186.192,108.913,82.1784,1,-1,-1,-1
191,5,846.618,25.6993,56.4446,56.8679,1,-1,-1,-1
191,2,1111.34,47.7821,56.9917,50.3521,1,-1,-1,-1
191,1,620.675,389.85,101.503,91.1432,1,-1,-1,-1
192,39,1031.61,175.156,116.931,160.27,1,-1,-1,-1
192,37,1019.94,0.563358,50.5117,45.2506,1,-1,-1,-1
192,36,1063.31,24.9013,55.051,52.6706,1,-1,-1,-1
192,35,1235.51,12.9712,42.7758,42.2397,1,-1,-1,-1
192,33,910.575,7.29931,56.955,59.632,1,-1,-1,-1
192,32,979.51,28.3801,58.8693,54.8565,1,-1,-1,-1
192,31,849.218,128.297,112.367,71.3953,1,-1,-1,-1
192,30,669.683,161.753,74.1316,60.522,1,-1,-1,-1
192,29,503.995,351.443,111.988,98.7757,1,-1,-1,-1
192,18,527.398,155.576,105.427,86.4615,1,-1,-1,-1
192,14,912.822,90.9801,61.5486,55.7592,1,-1,-1,-1
192,11,776.437,75.6001,70.0129,60.7772,1,-1,-1,-1
192,8,969.385,110.347,70.8964,63.6358,1,-1,-1,-1
192,6,1038.12,186.053,108.45,82.0897,1,-1,-1,-1
192,5,846.548,25.7918,56.4534,56.7138,1,-1,-1,-1
192,2,1111.32,47.7527,57.2317,50.7575,1,-1,-1,-1
192,1,622.296,388.07,100.489,89.9933,1,-1,-1,-1
193,39,1031.46,175.239,117.906,161.74,1,-1,-1,-1
193,37,1019.81,0.555912,51.0575,45.3855,1,-1,-1,-1
193,36,1063.12,25.0836,55.429,52.7989,1,-1,-1,-1
193,35,1235.19,12.9529,43.1078,42.0316,1,-1,-1,-1
193,33,910.31,7.06044,57.2224,60.4178,1,-1,-1,-1
193,32,979.405,29.2338,58.9814,54.2706,1,-1,-1,-1
193,31,847.898,128.293,112.905,71.8713,1,-1,-1,-1
193,30,668.745,161.852,75.3161,61.7451,1,-1,-1,-1
193,29,508.227,349.03,111.401,98.5476,1,-1,-1,-1
193,18,527.429,155.329,105.373,87.4892,1,-1,-1,-1
193,14,912.472,90.8591,61.9839,57.0384,1,-1,-1,-1
193,11,776.266,75.123,69.7907,62.5448,1,-1,-1,-1
193,8,969.362,110.304,70.9122,63.9137,1,-1,-1,-1
193,6,1038.05,186.027,109.471,81.3016,1,-1,-1,-1
193,5,846.452,26.046,57.4717,57.2948,1,-1,-1,-1
193,2,1111.51,48.1599,57.7264,51.7004,1,-1,-1,-1
193,1,624.494,385.001,100.75,89.7905,1,-1,-1,-1
194,37,1019.88,0.551982,51.0609,45.49,1,-1,-1,-1
194,36,1063.12,25.0569,54.5167,52.6931,1,-1,-1,-1
194,35,1235.4,12.9725,42.9888,41.7415,1,-1,-1,-1
194,33,910.216,6.88373,57.5542,60.8445,1,-1,-1,-1
194,32,979.248,29.2566,59.1886,54.249,1,-1,-1,-1
194,31,848.3,128.251,109.118,71.8612,1,-1,-1,-1
194,30,668.793,161.718,75.3365,62.7599,1,-1,-1,-1
194,29,508.353,344.66,116.89,102.993,1,-1,-1,-1
194,18,527.445,156.201,105.329,85.8419,1,-1,-1,-1
194,14,912.668,90.9507,61.8675,55.9221,1,-1,-1,-1
194,11,776.188,74.0223,70.2775,63.733,1,-1,-1,-1
194,8,969.994,110.19,71.0342,63.2044,1,-1,-1,-1
194,6,1038.37,184.252,110.622,81.6358,1,-1,-1,-1
194,5,846.651,25.9573,56.7963,56.7728,1,-1,-1,-1
194,2,1111.26,46.3563,58.3489,53.5739,1,-1,-1,-1
194,1,622.833,385.354,102.719,89.9079,1,-1,-1,-1
195,39,1032.9,172.998,118.046,155.883,1,-1,-1,-1
195,37,1019.78,0.555007,51.1896,45.6847,1,-1,-1,-1
195,36,1063.15,25.1832,54.3671,52.9596,1,-1,-1,-1
195,35,1235.38,13.0485,42.983,41.6175,1,-1,-1,-1
195,33,910.192,6.36024,57.6533,61.8347,1,-1,-1,-1
195,32,978.873,30.2319,59.5919,55.259,1,-1,-1,-1
195,31,848.257,128.352,110.051,71.5628,1,-1,-1,-1
195,30,669.151,161.155,74.2958,63.9649,1,-1,-1,-1
195,29,508.901,344.369,116.724,103.678,1,-1,-1,-1
195,18,527.137,154.76,106.092,87.7596,1,-1,-1,-1
195,14,912.428,90.968,62.1319,56.1343,1,-1,-1,-1
195,11,776.206,73.8137,69.5307,64.1069,1,-1,-1,-1
195,8,969.794,110.142,71.3594,63.4884,1,-1,-1,-1
195,6,1040.12,183.862,110.059,83.1138,1,-1,-1,-1
195,5,846.29,25.7951,56.9606,56.7362,1,-1,-1,-1
195,2,1111.04,46.739,58.9315,54.089,1,-1,-1,-1
195,1,622.812,384.945,102.907,90.7668,1,-1,-1,-1
196,37,1020.09,0.537448,50.5842,45.6401,1,-1,-1,-1
196,36,1063.33,25.2171,53.9471,52.6754,1,-1,-1,-1
196,35,1235.56,13.2017,42.8398,41.2989,1,-1,-1,-1
196,33,910.699,6.8379,56.8344,60.4699,1,-1,-1,-1
196,32,979.143,30.2769,59.2829,55.0435,1,-1,-1,-1
196,31,848.574,128.711,106.191,71.2314,1,-1,-1,-1
196,30,670.077,156.491,74.114,66.5014,1,-1,-1,-1
196,29,524.831,335.569,114.683,102.634,1,-1,-1,-1
196,18,527.347,154.962,105.937,86.5798,1,-1,-1,-1
196,14,912.542,90.8975,62.0797,56.6971,1,-1,-1,-1
196,11,776.401,73.9118,69.1168,63.6546,1,-1,-1,-1
196,8,970.118,110.229,70.9595,63.4426,1,-1,-1,-1
196,6,1040.39,183.309,109.443,82.3956,1,-1,-1,-1
196,5,846.438,25.9025,56.5968,56.2911,1,-1,-1,-1
196,2,1111.51,46.5404,57.8798,52.9478,1,-1,-1,-1
196,1,627.364,382.974,98.8135,90.7261,1,-1,-1,-1
197,39,1034.05,172.731,116.77,153.697,1,-1,-1,-1
197,37,1020.26,0.512802,51.4199,45.5706,1,-1,-1,-1
197,36,1063.85,25.0702,54.0172,51.7285,1,-1,-1,-1
197,35,1235.93,13.4684,42.5172,40.6701,1,-1,-1,-1
197,33,911.003,7.10463,56.3842,59.5732,1,-1,-1,-1
197,32,979.801,30.5853,58.3958,54.4096,1,-1,-1,-1
197,31,847.999,127.625,107.685,71.7039,1,-1,-1,-1
197,30,670.128,156.865,73.967,65.6799,1,-1,-1,-1
197,29,530.649,335.737,111.517,95.2184,1,-1,-1,-1
197,18,529.726,156.254,103.29,83.514,1,-1,-1,-1
197,14,914.049,91.5049,60.156,53.6123,1,-1,-1,-1
197,11,776.127,73.0217,70.4887,65.9194,1,-1,-1,-1
197,8,970.362,110.534,70.3071,62.9988,1,-1,-1,-1
197,6,1040.54,183.587,109.472,81.8263,1,-1,-1,-1
197,5,846.595,26.2393,55.9612,55.7112,1,-1,-1,-1
197,2,1113.58,43.5264,54.2808,48.1569,1,-1,-1,-1
197,1,627.721,384.892,99.4078,88.2653,1,-1,-1,-1
198,41,0.528463,605.368,122.727,112.509,1,-1,-1,-1
198,39,1034.28,172.896,116.307,154.449,1,-1,-1,-1
198,37,1020.36,0.440761,51.5037,45.4087,1,-1,-1,-1
198,36,1063.95,25.258,54.0087,51.5368,1,-1,-1,-1
198,35,1236.05,13.4675,42.4149,40.6836,1,-1,-1,-1
198,33,910.976,6.87952,56.2236,59.5655,1,-1,-1,-1
198,32,979.987,30.9816,57.8719,54.1848,1,-1,-1,-1
198,31,848.334,128.044,107.327,71.3221,1,-1,-1,-1
198,30,670.135,157.053,73.9573,65.985,1,-1,-1,-1
198,29,536.195,330.585,109.921,96.75,1,-1,-1,-1
198,18,529.842,155.741,103.131,84.2667,1,-1,-1,-1
198,14,913.134,91.5265,61.0231,54.3955,1,-1,-1,-1
198,11,777.489,72.3854,68.9762,67.3936,1,-1,-1,-1
198,8,970.406,110.501,70.1461,62.8961,1,-1,-1,-1
198,6,1040.74,183.706,108.938,80.8256,1,-1,-1,-1
198,5,846.762,26.0324,55.3114,56.1044,1,-1,-1,-1
198,2,1114.43,42.7516,52.8129,47.6023,1,-1,-1,-1
198,1,628.447,383.505,98.4,89.7882,1,-1,-1,-1
199,39,1033.19,170.124,117.624,164.591,1,-1,-1,-1
199,37,1020.43,0.421563,51.1973,45.7145,1,-1,-1,-1
199,36,1065.52,24.9737,53.4324,51.8729,1,-1,-1,-1
199,35,1235.89,13.3468,42.5695,41.0097,1,-1,-1,-1
199,33,911.364,6.40427,55.4905,59.9579,1,-1,-1,-1
199,32,980.259,31.5824,57.4334,53.5453,1,-1,-1,-1
199,31,848.43,127.377,108.446,73.0124,1,-1,-1,-1
199,30,669.89,156.986,74.2184,66.419,1,-1,-1,-1
199,29,542.503,324.696,110.019,94.3373,1,-1,-1,-1
199,18,529.623,155.821,103.46,84.8507,1,-1,-1,-1
199,14,913.309,91.3085,61.1909,54.752,1,-1,-1,-1
199,11,777.713,68.4184,69.2164,71.6092,1,-1,-1,-1
199,8,969.896,110.447,70.4793,62.9563,1,-1,-1,-1
199,6,1040.64,180.734,109.051,84.5963,1,-1,-1,-1
199,5,846.271,25.2647,56.5322,56.7467,1,-1,-1,-1
199,2,1115.11,42.0694,53.089,47.7392,1,-1,-1,-1
199,1,629.351,381.434,99.3493,88.9082,1,-1,-1,-1
