1,7,1629.84,730.529,164.131,134.484,1,-1,-1,-1
1,6,1324.65,476.828,209.011,166.032,1,-1,-1,-1
1,5,1420.72,667.1,189.998,160.772,1,-1,-1,-1
1,4,1050.34,852.562,196.36,176.587,1,-1,-1,-1
1,3,1135.21,706.251,183.023,169.133,1,-1,-1,-1
1,2,1474.62,865.899,141.758,161.584,1,-1,-1,-1
1,1,184.72,692.435,202.062,156.276,1,-1,-1,-1
2,9,1757.4,712.038,160.505,154.486,1,-1,-1,-1
2,8,289.021,767.256,199.389,147.843,1,-1,-1,-1
2,6,1322.78,431.946,219.949,162.763,1,-1,-1,-1
2,5,1487.22,745.048,201.316,131.4,1,-1,-1,-1
2,4,1096.63,885.747,202.841,188.894,1,-1,-1,-1
2,3,1142.59,673.034,190.66,161.851,1,-1,-1,-1
2,2,1473.57,870.953,153.459,154.144,1,-1,-1,-1
3,10,399.871,811.21,191.624,145.152,1,-1,-1,-1
3,9,1791.28,688.411,127.011,162.72,1,-1,-1,-1
3,6,1309.08,358.369,167.907,178.215,1,-1,-1,-1
3,5,1488.37,797.073,263.401,218.586,1,-1,-1,-1
3,4,1157.96,961.205,198.074,116.84,1,-1,-1,-1
3,3,1110.58,660.46,214.878,162.014,1,-1,-1,-1
3,2,1479.93,855.817,163.078,164.809,1,-1,-1,-1
4,10,500.232,800.174,203.48,161.531,1,-1,-1,-1
4,9,1781.28,685.091,136.718,134.483,1,-1,-1,-1
4,6,1229.36,317.365,191.332,157.043,1,-1,-1,-1
4,5,1614.88,848.341,170.769,175.981,1,-1,-1,-1
4,4,1220.14,948.592,210.873,129.446,1,-1,-1,-1
4,3,1117.9,671.804,214.967,152.386,1,-1,-1,-1
4,2,1485.83,859.605,145.76,148.849,1,-1,-1,-1
5,12,622.891,843.784,151.39,88.7164,1,-1,-1,-1
5,11,1315.47,854.965,329.172,221.672,1,-1,-1,-1
5,10,593.463,834.638,183.112,149.998,1,-1,-1,-1
5,9,1819.69,696.387,98.9587,114.018,1,-1,-1,-1
5,6,1133.74,315.859,194.932,124.332,1,-1,-1,-1
5,5,1615.37,890.897,177.155,171.085,1,-1,-1,-1
5,4,1316.31,901.802,202.561,173.928,1,-1,-1,-1
5,3,1154.47,654.182,197.024,153.02,1,-1,-1,-1
5,2,1496.94,854.555,148.398,153.102,1,-1,-1,-1
6,11,1406.64,848.721,231.562,206.327,1,-1,-1,-1
6,10,621.848,873.102,193.256,162.648,1,-1,-1,-1
6,9,1825.85,731.364,92.2524,125.429,1,-1,-1,-1
6,6,1030.27,328.894,215.983,127.332,1,-1,-1,-1
6,5,1621.45,906.998,201.624,165.185,1,-1,-1,-1
6,3,1213.94,613.58,212.801,174.351,1,-1,-1,-1
7,10,637.118,881.585,198.68,146.369,1,-1,-1,-1
7,6,952.188,344.879,214.94,154.157,1,-1,-1,-1
7,5,1661.86,892.083,228.456,166.794,1,-1,-1,-1
7,3,1288.2,591.685,214.079,163.278,1,-1,-1,-1
7,2,1491.7,823.027,232.445,176.191,1,-1,-1,-1
8,12,637.444,812.854,221.765,164.758,1,-1,-1,-1
8,11,1491.47,859.809,146.671,132.929,1,-1,-1,-1
8,7,1624.86,787.794,194.053,162.623,1,-1,-1,-1
8,6,918.236,383.644,225.201,174.615,1,-1,-1,-1
8,5,1729.8,858.885,180.573,136.211,1,-1,-1,-1
8,3,1368.79,597.819,222.417,141.41,1,-1,-1,-1
8,2,1493.59,786.578,335.078,207.729,1,-1,-1,-1
9,14,669.539,645.289,138.307,156.482,1,-1,-1,-1
9,13,711.209,718.351,205.132,147.835,1,-1,-1,-1
9,11,1494.8,841.451,157.156,143.552,1,-1,-1,-1
9,9,1782.09,751.426,135.394,173.128,1,-1,-1,-1
9,7,1703.47,720.99,176.98,168.716,1,-1,-1,-1
9,6,918.874,424.109,200.002,171.133,1,-1,-1,-1
9,3,1439.23,589.651,206.922,134.009,1,-1,-1,-1
10,17,703.393,454.225,133.41,161.227,1,-1,-1,-1
10,16,1624.58,313.142,209.869,155.494,1,-1,-1,-1
10,15,781.62,601.4,201.186,151.809,1,-1,-1,-1
10,11,1497.8,843.856,150.946,129.648,1,-1,-1,-1
10,9,1752.03,647.255,166.152,234.847,1,-1,-1,-1
10,6,951.846,474.518,204.043,183.602,1,-1,-1,-1
10,3,1481.52,611.593,179.938,147.876,1,-1,-1,-1
11,21,1777.59,487.927,140.382,162.185,1,-1,-1,-1
11,20,677.76,279.979,190.489,157.563,1,-1,-1,-1
11,19,1499.99,208.998,293.132,154.511,1,-1,-1,-1
11,18,999.431,563.604,204.043,158.69,1,-1,-1,-1
11,11,1496.56,847.78,148.06,114.503,1,-1,-1,-1
11,9,1788.19,682.726,130.276,164.634,1,-1,-1,-1
11,6,841.261,432.594,208.346,166.753,1,-1,-1,-1
11,3,1498.99,657.98,184.255,141.963,1,-1,-1,-1
12,25,1800.99,308.211,116.343,189.976,1,-1,-1,-1
12,24,751.576,119.722,137.61,157.561,1,-1,-1,-1
12,23,1362.34,86.6145,287.004,164.614,1,-1,-1,-1
12,22,912.239,284.765,211.685,175.597,1,-1,-1,-1
12,18,1041.71,624.809,210.263,158.401,1,-1,-1,-1
12,11,1492.59,842.968,163.504,122.568,1,-1,-1,-1
12,9,1853.14,694.55,64.9766,98.9094,1,-1,-1,-1
12,3,1535.53,675.677,196.283,136.209,1,-1,-1,-1
13,29,1837.7,173.379,80.2166,175.983,1,-1,-1,-1
13,28,1211.31,0.375665,220.337,117.543,1,-1,-1,-1
13,27,704.137,3.97712,196.108,155.928,1,-1,-1,-1
13,26,1003.23,148.7,205.983,172.861,1,-1,-1,-1
13,19,1475.32,271.888,235.672,212.782,1,-1,-1,-1
13,18,1072.97,674.52,205.402,156.456,1,-1,-1,-1
13,11,1496.83,840.341,168.048,121.243,1,-1,-1,-1
13,3,1592.36,708.134,202.526,135.98,1,-1,-1,-1
14,31,1870.38,56.6637,47.4019,128.076,1,-1,-1,-1
14,30,1077.71,48.9138,214.632,175.367,1,-1,-1,-1
14,27,727.754,0,127.64,94.7151,1,-1,-1,-1
14,18,1100.81,728.524,211.837,151.652,1,-1,-1,-1
14,11,1500.25,834.449,187.304,124.535,1,-1,-1,-1
14,7,1670.1,742.063,207.364,158.44,1,-1,-1,-1
15,31,1834.77,43.842,83.1438,98.8025,1,-1,-1,-1
15,28,1170.83,0.326557,171.405,110.73,1,-1,-1,-1
15,27,672.219,0,112.051,64.0715,1,-1,-1,-1
15,18,1159.29,759.955,218.306,184.034,1,-1,-1,-1
15,11,1502.25,826.511,182.774,131.608,1,-1,-1,-1
15,7,1729.93,763.346,183.083,172.373,1,-1,-1,-1
16,31,1830.07,33.3542,88.0907,125.73,1,-1,-1,-1
16,29,1781.74,223.608,136.906,87.2191,1,-1,-1,-1
16,21,1845.26,464.256,72.9325,116.266,1,-1,-1,-1
16,18,1239.53,817.16,206.246,170.663,1,-1,-1,-1
16,11,1498.79,821.328,171.976,158.66,1,-1,-1,-1
16,7,1743.58,798.334,172.572,168.303,1,-1,-1,-1
17,33,1644.2,205.968,131.645,94.4197,1,-1,-1,-1
17,32,1571.53,192.796,236.103,126.364,1,-1,-1,-1
17,31,1852.9,10.4515,65.3076,108.021,1,-1,-1,-1
17,21,1786.63,409.907,130.901,159.084,1,-1,-1,-1
17,18,1280.3,872.662,195.523,173.821,1,-1,-1,-1
17,11,1502.4,819.077,193.322,172.351,1,-1,-1,-1
17,7,1706.4,842.558,191.144,149.95,1,-1,-1,-1
18,34,1878.49,0.35407,39.5365,49.9875,1,-1,-1,-1
18,23,1412.11,170.739,192.708,122.675,1,-1,-1,-1
18,21,1762.41,377.928,154.737,176.3,1,-1,-1,-1
18,18,1272.19,924.372,215.604,153.575,1,-1,-1,-1
18,11,1505.73,824.883,173.369,152.407,1,-1,-1,-1
18,7,1671.39,853.654,207.034,165.822,1,-1,-1,-1
19,35,1215.28,175.228,171.339,111.799,1,-1,-1,-1
19,21,1724.16,398.815,158.685,182.371,1,-1,-1,-1
19,18,1286.47,952.514,216.444,125.114,1,-1,-1,-1
19,11,1515.3,825,178.869,142.682,1,-1,-1,-1
19,7,1658.07,850.95,190.436,160.241,1,-1,-1,-1
20,36,172.03,949.576,203.616,128.607,1,-1,-1,-1
20,26,936.632,202.716,184.319,111.513,1,-1,-1,-1
20,22,884.236,206.628,241.211,164.353,1,-1,-1,-1
20,21,1638.11,450.942,169.375,147.564,1,-1,-1,-1
20,18,1313.27,964.772,213.311,113.041,1,-1,-1,-1
20,11,1520.58,817.017,188.296,141.254,1,-1,-1,-1
20,7,1635.26,891.768,202.514,146.736,1,-1,-1,-1
20,2,1521.04,805.983,316.38,232.046,1,-1,-1,-1
21,36,120.338,870.028,222.199,152.965,1,-1,-1,-1
21,20,579.107,228.5,281.997,125.65,1,-1,-1,-1
21,19,1434.41,511.159,225.858,127.228,1,-1,-1,-1
21,18,1330.41,981.845,182.835,96.161,1,-1,-1,-1
21,11,1525.17,805.533,207.521,141.966,1,-1,-1,-1
21,7,1648.82,937.627,200.199,139.001,1,-1,-1,-1
22,37,308.055,270.232,339.978,156.613,1,-1,-1,-1
22,36,113.617,801.554,208.543,159.445,1,-1,-1,-1
22,19,1309.16,524.679,270.084,145.911,1,-1,-1,-1
22,18,1350.42,1002.69,187.131,75.4146,1,-1,-1,-1
22,11,1528.64,802.226,213.501,138.91,1,-1,-1,-1
22,7,1663.76,931.295,153.711,146.779,1,-1,-1,-1
23,39,912.162,0,146.074,87.3842,1,-1,-1,-1
23,38,123.718,308.02,280.137,153.499,1,-1,-1,-1
23,36,123.197,720.834,210.855,171.461,1,-1,-1,-1
23,19,1204.52,542.544,239.795,128.591,1,-1,-1,-1
23,18,1324.07,1052.51,190.775,25.7146,1,-1,-1,-1
23,11,1535.4,792.095,193.235,145.346,1,-1,-1,-1
23,7,1611.08,896.811,164.562,162.649,1,-1,-1,-1
24,40,0.907503,288.111,153.988,190.951,1,-1,-1,-1
24,39,828.836,0.063714,195.117,108.522,1,-1,-1,-1
24,19,1108.54,554.662,237.312,200.015,1,-1,-1,-1
24,11,1535.66,778.414,216.528,204.363,1,-1,-1,-1
24,1,151.213,650.624,208.135,183.08,1,-1,-1,-1
25,39,783.71,0.184596,196.896,118.799,1,-1,-1,-1
25,19,1030.28,625.328,233.566,231.282,1,-1,-1,-1
25,11,1548.98,746.898,215.015,173.872,1,-1,-1,-1
25,6,182.724,574.101,201.718,174.05,1,-1,-1,-1
26,39,768.129,1.66781,200.2,137.443,1,-1,-1,-1
26,19,990.036,746.848,205.022,192.986,1,-1,-1,-1
26,11,1555.64,763.41,180.227,147.994,1,-1,-1,-1
26,6,188.054,495.216,212.934,185.057,1,-1,-1,-1
26,3,1612.16,669.927,202.798,116.674,1,-1,-1,-1
27,41,1567.1,627.563,341.018,275.984,1,-1,-1,-1
27,39,779.982,4.79729,200.403,162.393,1,-1,-1,-1
27,19,982.683,830.164,203.413,176.296,1,-1,-1,-1
27,11,1562.69,741.312,181.082,146.83,1,-1,-1,-1
27,6,199.037,432.283,223.39,183.189,1,-1,-1,-1
27,3,1687.47,627.928,206.905,148.598,1,-1,-1,-1
28,42,539.68,0.200405,106.206,36.8401,1,-1,-1,-1
28,39,837.731,76.4419,175.853,113.736,1,-1,-1,-1
28,38,210.17,369.903,237.812,183.764,1,-1,-1,-1
28,19,979.757,899.066,204.1,167.854,1,-1,-1,-1
28,11,1583.39,729.631,180.066,145.194,1,-1,-1,-1
28,3,1771.05,617.049,146.878,164.359,1,-1,-1,-1
29,40,0.692649,272.017,111.205,112.848,1,-1,-1,-1
29,38,219.77,305.137,227.9,183.399,1,-1,-1,-1
29,27,602.507,0.212894,183.865,118.918,1,-1,-1,-1
29,22,900.294,109.628,171.735,115.717,1,-1,-1,-1
29,19,998.31,979.563,206.96,98.3619,1,-1,-1,-1
29,11,1622.43,716.37,153.934,146.163,1,-1,-1,-1
29,3,1834.65,637.951,83.2863,141.272,1,-1,-1,-1
30,43,39.1982,200.364,214.031,167.117,1,-1,-1,-1
30,38,242.743,239.275,200.638,181.229,1,-1,-1,-1
30,27,647.888,22.8463,202.887,156.769,1,-1,-1,-1
30,22,946.626,130.831,165.408,149.096,1,-1,-1,-1
30,11,1642.32,707.979,144.317,158.041,1,-1,-1,-1
30,3,1866.69,687.412,51.7426,108.822,1,-1,-1,-1
31,44,1835.65,747.495,82.4362,137.271,1,-1,-1,-1
31,39,701.95,48.0326,230.192,170.494,1,-1,-1,-1
31,38,180.154,143.053,223.142,203.884,1,-1,-1,-1
31,26,926.308,219.986,237.934,139.522,1,-1,-1,-1
31,11,1647.03,696.845,149.927,177.996,1,-1,-1,-1
32,44,1813.21,762.16,104.873,159.724,1,-1,-1,-1
32,38,162.731,92.5337,276.317,191.55,1,-1,-1,-1
32,26,917.463,291.255,241.888,139.135,1,-1,-1,-1
32,24,775.031,98.7694,221.109,163.156,1,-1,-1,-1
32,11,1650.05,686.077,156.404,178.062,1,-1,-1,-1
33,46,1194.49,1024.57,185.513,52.9639,1,-1,-1,-1
33,45,134.596,23.416,206.834,179.996,1,-1,-1,-1
33,44,1807.25,804.014,110.868,142.221,1,-1,-1,-1
33,38,318.09,54.32,160.857,184.073,1,-1,-1,-1
33,26,906.003,362.319,229.699,143.856,1,-1,-1,-1
33,24,858.113,148.562,216.536,174.089,1,-1,-1,-1
33,11,1654.72,683.098,163.613,185.216,1,-1,-1,-1
34,47,889.742,444.354,187.022,133.494,1,-1,-1,-1
34,46,1205.22,944.167,195.112,133.996,1,-1,-1,-1
34,45,112.925,0.440013,172.475,111.392,1,-1,-1,-1
34,44,1803.12,792.811,114.91,135.059,1,-1,-1,-1
34,38,303.027,1.35805,173.906,177.331,1,-1,-1,-1
34,24,944.169,210.104,219.67,165.953,1,-1,-1,-1
34,11,1661.29,647.621,166.896,183.1,1,-1,-1,-1
34,7,1518.94,971.495,193.747,106.049,1,-1,-1,-1
35,49,330.446,0.01056,82.1324,67.926,1,-1,-1,-1
35,48,98.8782,414.678,199.617,141.223,1,-1,-1,-1
35,47,852.866,507.289,215.851,139.143,1,-1,-1,-1
35,46,1229.35,866.068,192.931,163.934,1,-1,-1,-1
35,44,1810.24,733.422,107.879,145.956,1,-1,-1,-1
35,24,1033.24,277.725,208.943,143.2,1,-1,-1,-1
35,11,1668.06,658.828,163.756,166.75,1,-1,-1,-1
35,2,1494.99,867.853,184.694,141.257,1,-1,-1,-1
36,52,412.93,535.625,188.61,123.978,1,-1,-1,-1
36,51,1681.65,90.0767,229.247,152.84,1,-1,-1,-1
36,50,1496.11,754.872,177.329,136.343,1,-1,-1,-1
36,47,839.905,564.328,200.93,150.011,1,-1,-1,-1
36,46,1245.44,791.86,192.761,158.393,1,-1,-1,-1
36,44,1831.31,688.673,87.0555,123.327,1,-1,-1,-1
36,43,82.0918,293.022,172.755,117.429,1,-1,-1,-1
36,24,1107.31,329.303,206.329,144.97,1,-1,-1,-1
36,11,1678.36,654.153,160.202,162.8,1,-1,-1,-1
37,55,386.696,166.137,167.502,124.505,1,-1,-1,-1
37,54,1534.84,0.459083,244.859,149.928,1,-1,-1,-1
37,53,1485.73,629.219,169.251,147.038,1,-1,-1,-1
37,47,814.285,613.107,222.999,147.256,1,-1,-1,-1
37,46,1230.64,728.391,214.048,170.326,1,-1,-1,-1
37,44,1862.98,682.972,55.6681,77.7167,1,-1,-1,-1
37,24,1173.73,391.44,197.103,142.337,1,-1,-1,-1
37,11,1685.56,635.062,173.204,172.638,1,-1,-1,-1
38,58,833.732,767.592,162.173,121.244,1,-1,-1,-1
38,57,1242.61,484.784,197.875,146.65,1,-1,-1,-1
38,56,1443.69,484.333,188.75,162.116,1,-1,-1,-1
38,47,800.146,623.499,210.776,142.859,1,-1,-1,-1
38,46,1191.73,744.451,210.573,153.887,1,-1,-1,-1
38,27,595.772,6.16546,179.433,192.499,1,-1,-1,-1
38,11,1690.52,633.697,176.136,172.07,1,-1,-1,-1
39,59,1309.83,578.366,219.107,170.742,1,-1,-1,-1
39,46,1144.46,809.311,187.836,180.588,1,-1,-1,-1
39,21,1371.12,335.098,176.96,173.335,1,-1,-1,-1
39,15,797.287,630.354,204.82,143.763,1,-1,-1,-1
39,12,905.085,820.872,181.93,159.269,1,-1,-1,-1
39,11,1695.97,616.108,181.218,181.35,1,-1,-1,-1
40,60,1209.63,234.751,214.003,163.655,1,-1,-1,-1
40,50,1404.36,673.933,206.786,204.585,1,-1,-1,-1
40,28,1200.32,0.223637,175.483,144.286,1,-1,-1,-1
40,19,1071.44,952.535,212.485,125.365,1,-1,-1,-1
40,15,799.132,645.469,206.583,158.012,1,-1,-1,-1
40,12,968.934,856.168,204.031,121.007,1,-1,-1,-1
40,11,1696.17,615.803,201.845,176.643,1,-1,-1,-1
41,47,798.463,689.911,198.07,175.3,1,-1,-1,-1
41,46,1117.52,862.615,180.086,113.434,1,-1,-1,-1
41,30,1066.91,53.3429,259.173,255.895,1,-1,-1,-1
41,11,1705.5,611.776,199.396,159.048,1,-1,-1,-1
41,2,1518.5,827.716,218.489,178.539,1,-1,-1,-1
42,58,826.392,805.951,199.662,151.284,1,-1,-1,-1
42,30,963.874,78.5675,308.63,208.999,1,-1,-1,-1
42,11,1713.57,603.016,203.291,166.042,1,-1,-1,-1
42,9,1624.93,943.904,132.006,133.991,1,-1,-1,-1
43,62,0.578582,394.861,131.648,180.071,1,-1,-1,-1
43,61,1033.69,247.679,221.371,221.536,1,-1,-1,-1
43,58,880.382,873.96,208.485,142.439,1,-1,-1,-1
43,39,801.492,92.7886,222.019,212.046,1,-1,-1,-1
43,11,1722.55,595.741,186.946,167.917,1,-1,-1,-1
43,9,1614.38,941.017,128.617,136.99,1,-1,-1,-1
44,64,1076.7,521.641,196.965,280.277,1,-1,-1,-1
44,63,0.868296,514.161,158.5,148.449,1,-1,-1,-1
44,58,940.143,929.91,199.399,141.614,1,-1,-1,-1
44,20,698.02,168.4,206.691,198.279,1,-1,-1,-1
44,11,1723.89,604.503,191.013,155.304,1,-1,-1,-1
44,9,1624.66,933.461,121.739,144.222,1,-1,-1,-1
44,6,238.623,433.747,240.867,177.874,1,-1,-1,-1
45,67,566.527,465.3,187.447,163.106,1,-1,-1,-1
45,66,155.185,535.67,226.698,145.184,1,-1,-1,-1
45,65,550.434,197.17,229.044,175.593,1,-1,-1,-1
45,12,1004.79,853.662,227.318,224.167,1,-1,-1,-1
45,11,1726.38,601.864,191.063,155.751,1,-1,-1,-1
45,9,1622.88,922.4,133.508,155.3,1,-1,-1,-1
46,55,421.419,168.677,240.511,178.909,1,-1,-1,-1
46,52,365.21,575.456,248.589,109.69,1,-1,-1,-1
46,11,1749.58,600.847,168.664,147.402,1,-1,-1,-1
46,9,1554.52,905.937,208.28,171.754,1,-1,-1,-1
47,69,642.094,553.98,205.745,129.292,1,-1,-1,-1
47,68,309.877,108.549,221.561,169.612,1,-1,-1,-1
47,11,1754.64,599.04,162.603,149.626,1,-1,-1,-1
47,9,1564.91,901.257,192.74,176.625,1,-1,-1,-1
48,70,831.868,523.694,211.071,135.576,1,-1,-1,-1
48,59,1181.12,533.585,331.744,201.102,1,-1,-1,-1
48,50,1185.14,590.53,235.967,127.648,1,-1,-1,-1
48,38,213.633,17.7792,206.619,141.241,1,-1,-1,-1
48,11,1759.49,599.944,157.983,144.264,1,-1,-1,-1
48,9,1572.82,892.811,200.853,180.423,1,-1,-1,-1
49,71,1662.21,892.651,94.3441,171.863,1,-1,-1,-1
49,70,826.053,488.377,398.833,158.998,1,-1,-1,-1
49,11,1765.97,598.952,151.692,137.325,1,-1,-1,-1
49,9,1585.83,880.438,189.885,193.439,1,-1,-1,-1
50,71,1648.73,888.263,118.384,181.405,1,-1,-1,-1
50,67,502.466,448.579,258.588,121.476,1,-1,-1,-1
50,57,1166.92,417.196,237.384,143.78,1,-1,-1,-1
50,11,1770.4,582.38,147.102,146.387,1,-1,-1,-1
51,71,1653.08,846.731,116.107,219.728,1,-1,-1,-1
51,48,75.7883,371.226,322.443,135.449,1,-1,-1,-1
51,21,1354.05,385.255,223.008,168.445,1,-1,-1,-1
51,11,1772.62,589.011,145.127,136.434,1,-1,-1,-1
52,73,1849.42,464.333,68.724,87.241,1,-1,-1,-1
52,72,1529.05,396.929,211.55,152.934,1,-1,-1,-1
52,71,1651.75,846.275,117.611,214.469,1,-1,-1,-1
52,64,1125.33,642.102,173.74,126.889,1,-1,-1,-1
52,11,1774.35,585.828,143.782,137.671,1,-1,-1,-1
53,75,1661.75,408.563,254.927,157.705,1,-1,-1,-1
53,74,985.119,614.187,215.574,142.335,1,-1,-1,-1
53,11,1772.79,584.379,145.06,133.663,1,-1,-1,-1
53,9,1561.76,853.843,194.873,212.013,1,-1,-1,-1
53,1,100.334,667.32,220.295,143.627,1,-1,-1,-1
54,74,957.283,634.803,212.744,150.706,1,-1,-1,-1
54,72,1563.93,392.741,215.542,135.454,1,-1,-1,-1
54,62,1.14988,328.22,87.0323,154.35,1,-1,-1,-1
54,52,310.705,633.524,262.089,146.323,1,-1,-1,-1
54,11,1770.73,579.522,146.759,136.507,1,-1,-1,-1
54,9,1556.77,862.645,202.12,210.901,1,-1,-1,-1
55,74,986.657,722.878,192.34,128.355,1,-1,-1,-1
55,72,1474.69,323.012,226.624,176.759,1,-1,-1,-1
55,71,1653.91,958.861,102.041,109.707,1,-1,-1,-1
55,69,572.809,549.692,209.423,128.823,1,-1,-1,-1
55,48,113.985,322.846,234.863,174.214,1,-1,-1,-1
55,11,1765.96,577.437,151.402,143.87,1,-1,-1,-1
55,9,1561.16,847.806,198.868,221.441,1,-1,-1,-1
56,70,807.354,467.219,185.53,121.029,1,-1,-1,-1
56,46,1089.31,807.362,218.736,106.069,1,-1,-1,-1
56,21,1399.92,327.895,197.283,201.503,1,-1,-1,-1
56,11,1761.27,537.932,156.577,190.067,1,-1,-1,-1
56,9,1643.27,848.203,116.762,216.527,1,-1,-1,-1
56,6,356.389,394.176,239.175,167.623,1,-1,-1,-1
57,76,1284.92,850.622,228.174,119.686,1,-1,-1,-1
57,69,579.213,457.516,252.079,152.264,1,-1,-1,-1
57,50,1029.99,403.572,192.693,134.563,1,-1,-1,-1
57,24,1660.75,939.497,95.4364,111.099,1,-1,-1,-1
57,21,1347.94,387.246,201.952,174.871,1,-1,-1,-1
57,11,1761.14,525,156.822,216.006,1,-1,-1,-1
57,9,1650.91,843.65,113.542,206.607,1,-1,-1,-1
58,57,1222.68,400.978,174.772,118.59,1,-1,-1,-1
58,26,826.635,525.179,275.318,162.974,1,-1,-1,-1
58,21,1342.89,432.41,215.274,155.667,1,-1,-1,-1
58,11,1762.27,522.757,155.788,225.897,1,-1,-1,-1
58,9,1522.44,848.201,236.919,194.357,1,-1,-1,-1
59,77,1892.31,775.443,25.33,74.1381,1,-1,-1,-1
59,59,1073.55,575.936,244.58,173.142,1,-1,-1,-1
59,21,1363.37,400.602,261.194,178.863,1,-1,-1,-1
59,11,1761.84,525.293,156.715,216.121,1,-1,-1,-1
59,9,1571.93,828.774,192.217,206.261,1,-1,-1,-1
60,79,1761.91,564.311,156.741,284.828,1,-1,-1,-1
60,78,1333.06,557.713,200.307,164.882,1,-1,-1,-1
60,75,1634.57,403.143,182.589,132.936,1,-1,-1,-1
60,45,8.32478,0.28903,205.049,117.641,1,-1,-1,-1
60,21,1403.89,378.816,201.764,173.02,1,-1,-1,-1
60,11,1761.48,574.889,157.173,125.717,1,-1,-1,-1
60,9,1570.61,832.586,192.105,194.864,1,-1,-1,-1
60,3,1835.92,733.149,82.7291,121.867,1,-1,-1,-1
61,80,1619.41,252.235,222.592,113.928,1,-1,-1,-1
61,79,1760.89,564.436,157.199,326.191,1,-1,-1,-1
61,73,1823.71,419.47,94.7406,117.065,1,-1,-1,-1
61,72,1486.84,298.026,205.582,137.905,1,-1,-1,-1
61,56,1481.41,539.078,204.005,173.818,1,-1,-1,-1
61,38,161.542,37.8744,226.364,177.065,1,-1,-1,-1
61,21,1429.75,318.457,250.453,196.341,1,-1,-1,-1
61,11,1762.18,571.117,156.473,140.839,1,-1,-1,-1
61,9,1571.06,835.158,192.096,189.903,1,-1,-1,-1
61,3,1784.46,736.005,134.194,154.903,1,-1,-1,-1
62,83,1185.56,170.399,375.912,216.229,1,-1,-1,-1
62,82,1648.19,535.233,172.002,150.788,1,-1,-1,-1
62,81,1309.3,170.491,254.415,120.035,1,-1,-1,-1
62,68,319.971,92.578,219.747,173.746,1,-1,-1,-1
62,60,1185.13,241.974,258.686,145.601,1,-1,-1,-1
62,21,1402.92,348.19,236.586,153.891,1,-1,-1,-1
62,11,1778.66,566.605,139.506,137.052,1,-1,-1,-1
62,9,1577.25,828.084,186.674,192.41,1,-1,-1,-1
62,3,1762.98,755.348,155.086,157.793,1,-1,-1,-1
63,55,462.387,103.227,220.921,171.697,1,-1,-1,-1
63,50,884.315,261.786,255.621,171.304,1,-1,-1,-1
63,30,911.491,93.2174,286.271,109.505,1,-1,-1,-1
63,21,1387.49,285.547,226.905,163.671,1,-1,-1,-1
63,11,1781.99,558.05,135.823,142.543,1,-1,-1,-1
63,9,1657.79,820.152,106.738,189.862,1,-1,-1,-1
63,3,1757.56,767.863,158.545,155.608,1,-1,-1,-1
64,84,315.342,282.558,163.022,147.372,1,-1,-1,-1
64,83,1380.63,216.807,232.907,146.839,1,-1,-1,-1
64,65,533.672,288.981,286.254,175.354,1,-1,-1,-1
64,55,595.66,113.153,220.702,167.43,1,-1,-1,-1
64,44,1852.79,623.708,65.1605,126.147,1,-1,-1,-1
64,27,463.598,1.71305,290.981,100.395,1,-1,-1,-1
64,11,1814.47,562.831,103.772,188.443,1,-1,-1,-1
64,9,1584.98,821.992,182.314,187.489,1,-1,-1,-1
64,3,1750.36,799.701,158.628,168.079,1,-1,-1,-1
65,86,1758.24,573.367,116.711,123.263,1,-1,-1,-1
65,85,0.767673,194.671,212.823,147.904,1,-1,-1,-1
65,84,236.005,248.392,301.846,158.802,1,-1,-1,-1
65,81,1391.09,92.3538,216.015,153.377,1,-1,-1,-1
65,79,1750.86,588.844,164.308,194.865,1,-1,-1,-1
65,20,724.671,145.353,220.314,163.755,1,-1,-1,-1
65,11,1806.63,635.252,91.3683,101.142,1,-1,-1,-1
65,9,1597.14,821.3,175.759,185.383,1,-1,-1,-1
65,3,1749.43,868.93,139.39,157.94,1,-1,-1,-1
66,87,1424.14,3.12018,178.606,114.728,1,-1,-1,-1
66,85,0.72072,144.36,230.341,193.501,1,-1,-1,-1
66,84,230.942,263.073,239.945,140.194,1,-1,-1,-1
66,82,1620.31,608.779,215.435,171.286,1,-1,-1,-1
66,71,1569.78,949.753,194.349,128.417,1,-1,-1,-1
66,50,860.529,205.223,226.839,147.897,1,-1,-1,-1
66,48,1.01204,154.969,471.818,251.98,1,-1,-1,-1
66,9,1593.42,811.871,174.92,173.003,1,-1,-1,-1
66,3,1733.09,895.641,157.069,180.627,1,-1,-1,-1
67,71,1684.82,937.898,137.532,139.518,1,-1,-1,-1
67,67,435.395,276.363,265.253,135.162,1,-1,-1,-1
67,53,1509.17,617.082,221.401,177.645,1,-1,-1,-1
67,39,1008.84,238.671,211.872,159.751,1,-1,-1,-1
67,9,1591.47,814.267,159.812,179.689,1,-1,-1,-1
67,3,1668.54,845.203,179.071,147.406,1,-1,-1,-1
68,79,1720.31,616.155,190.359,123.415,1,-1,-1,-1
68,71,1599.96,985.969,132.094,91.5231,1,-1,-1,-1
68,65,676.2,256.856,224.812,143.876,1,-1,-1,-1
68,60,1131.95,282.549,208.575,150.793,1,-1,-1,-1
68,53,1381.46,630.146,242.755,162.938,1,-1,-1,-1
68,28,1238.89,38.7664,168.866,141.882,1,-1,-1,-1
68,9,1588.1,812.863,170.466,191.527,1,-1,-1,-1
68,2,1759.64,741.152,158.111,177.333,1,-1,-1,-1
69,88,1813.79,140.9,103.855,158.379,1,-1,-1,-1
69,87,1388.46,21.3621,195.291,155.307,1,-1,-1,-1
69,78,1266.98,639.847,222.952,157.909,1,-1,-1,-1
69,71,1445.4,983.989,220.465,93.4973,1,-1,-1,-1
69,63,0.787446,584.772,108.331,148.739,1,-1,-1,-1
69,57,1246.5,302.557,194.029,134.3,1,-1,-1,-1
69,56,1525.58,644.83,169.599,122.762,1,-1,-1,-1
69,50,866.859,181.419,225.449,151.954,1,-1,-1,-1
69,9,1588.01,812.972,174.43,199.709,1,-1,-1,-1
69,2,1834.02,742.35,84.0741,94.9164,1,-1,-1,-1
70,89,1742.8,12.0946,174.785,172.44,1,-1,-1,-1
70,81,1565.59,59.6376,179.089,204.257,1,-1,-1,-1
70,78,1108.51,612.886,421.125,183.234,1,-1,-1,-1
70,71,1356.91,993.057,208.483,85.1223,1,-1,-1,-1
70,64,1123.83,617.303,212.998,168.479,1,-1,-1,-1
70,57,1331.73,306.46,181.892,151.056,1,-1,-1,-1
70,53,1378.58,660.848,151.707,112.176,1,-1,-1,-1
70,30,1025.27,95.4428,208.344,140.35,1,-1,-1,-1
70,9,1585.04,814.489,171.047,202.304,1,-1,-1,-1
70,1,154.263,666.473,225.316,188.728,1,-1,-1,-1
71,91,1511.46,0.704099,320.56,57.3678,1,-1,-1,-1
71,90,1738.08,0.32177,94.6925,58.0327,1,-1,-1,-1
71,88,1698.19,143.911,175.036,162.548,1,-1,-1,-1
71,78,1249.11,658.497,157.191,116.636,1,-1,-1,-1
71,59,949.526,591.52,245.18,149.776,1,-1,-1,-1
71,57,1385.06,321.5,193.772,153.12,1,-1,-1,-1
71,52,346.844,671.863,165.43,153.021,1,-1,-1,-1
71,28,1162.87,11.3095,177.228,163.562,1,-1,-1,-1
71,9,1580.41,816.566,170.1,202.733,1,-1,-1,-1
72,93,1242.25,0,277.019,98.8352,1,-1,-1,-1
72,92,499.194,590.64,157.731,137.697,1,-1,-1,-1
72,64,1115.17,684.219,168.794,130.853,1,-1,-1,-1
72,57,1408.51,315.869,175.461,153.226,1,-1,-1,-1
72,28,1242.68,0,136.718,96.3559,1,-1,-1,-1
72,27,427.285,0,203.827,113.516,1,-1,-1,-1
72,26,791.381,560.206,295,139.118,1,-1,-1,-1
72,9,1575.14,812.954,170.13,210.569,1,-1,-1,-1
73,69,595.783,448.963,161.845,149.588,1,-1,-1,-1
73,67,439.826,129.334,211.177,222.658,1,-1,-1,-1
73,57,1400.9,274.654,160.072,165.773,1,-1,-1,-1
73,46,1035.99,710.539,140.09,126.135,1,-1,-1,-1
73,26,683.727,523.039,252.033,153.607,1,-1,-1,-1
73,9,1572.65,812.569,165.925,210.842,1,-1,-1,-1
74,93,1294.78,0.245344,117.875,54.8604,1,-1,-1,-1
74,73,1752.03,358.382,143.574,129.243,1,-1,-1,-1
74,69,525.379,395.033,255.73,221.049,1,-1,-1,-1
74,65,651.699,251.974,179.328,165.411,1,-1,-1,-1
74,57,1371.79,204.219,165.712,142.945,1,-1,-1,-1
74,46,957.297,676.132,229.677,149.015,1,-1,-1,-1
74,9,1542.98,825.918,175.631,222.686,1,-1,-1,-1
74,2,1829.61,774.604,88.0264,96.7457,1,-1,-1,-1
75,97,701.8,731.704,146.314,97.3806,1,-1,-1,-1
75,96,955.073,620.276,112.837,135.312,1,-1,-1,-1
75,95,670.287,699.253,190.656,163.621,1,-1,-1,-1
75,94,1274.25,110.536,152.307,137.533,1,-1,-1,-1
75,93,1217.49,0.183123,174.998,88.431,1,-1,-1,-1
75,75,1530.76,356.778,168.818,125.215,1,-1,-1,-1
75,70,418.669,399.046,238.263,160.967,1,-1,-1,-1
75,59,878.028,609.981,200.667,156.096,1,-1,-1,-1
75,56,1565.68,714.41,241.887,128.198,1,-1,-1,-1
75,55,676.329,89.2517,190.406,147.237,1,-1,-1,-1
75,9,1514.22,941.539,179.876,136.651,1,-1,-1,-1
76,98,834.245,936.028,175.216,142.622,1,-1,-1,-1
76,93,1165.1,0.296754,184.598,117.451,1,-1,-1,-1
76,70,317.231,328.493,236.985,178.759,1,-1,-1,-1
76,53,1332.29,637.935,258.555,139.687,1,-1,-1,-1
76,26,879.04,502.762,201.998,162.077,1,-1,-1,-1
76,21,1341.34,360.911,176.664,121.569,1,-1,-1,-1
76,9,1547.01,911.187,127.381,151.737,1,-1,-1,-1
77,100,949.57,359.636,129.361,150.615,1,-1,-1,-1
77,99,1052.42,594.936,257.394,113.732,1,-1,-1,-1
77,93,1135.03,0.269661,178.577,108.645,1,-1,-1,-1
77,84,242.544,268.299,210.583,187.684,1,-1,-1,-1
77,39,1159.88,372.1,198.787,133.504,1,-1,-1,-1
77,9,1467.41,873.278,202.932,162.852,1,-1,-1,-1
78,101,1018.5,1043.52,88.0938,34.4059,1,-1,-1,-1
78,93,1098.15,0.52997,190.148,149.409,1,-1,-1,-1
78,84,169.817,237.892,211.859,188.404,1,-1,-1,-1
78,59,771.778,574.827,233.024,107.36,1,-1,-1,-1
78,50,876.158,164.234,241.935,191.097,1,-1,-1,-1
78,26,968.269,430.768,214.262,157.909,1,-1,-1,-1
78,9,1533.67,920.772,149.828,156.848,1,-1,-1,-1
79,103,907.022,1026.68,115.217,51.0923,1,-1,-1,-1
79,102,889.683,0.477699,191.202,136.196,1,-1,-1,-1
79,92,427.249,598.176,267.94,86.9007,1,-1,-1,-1
79,84,102.034,218.159,225.636,187.289,1,-1,-1,-1
79,59,806.479,513.868,252.218,182.901,1,-1,-1,-1
79,30,1079.32,67.8195,203.336,179.976,1,-1,-1,-1
79,9,1555.09,910.057,137.303,167.125,1,-1,-1,-1
80,105,148.812,583.803,227.272,100.837,1,-1,-1,-1
80,104,1101.56,183.863,208.209,161.754,1,-1,-1,-1
80,95,709.472,607.862,232.894,204.927,1,-1,-1,-1
80,84,52.064,216.677,230.206,181.12,1,-1,-1,-1
80,9,1554.63,894.198,127.099,183.28,1,-1,-1,-1
81,104,1156.96,239.913,186.234,176.13,1,-1,-1,-1
81,97,659.315,735.441,183.302,155.639,1,-1,-1,-1
81,84,7.46959,224.611,225.973,180.033,1,-1,-1,-1
81,67,527.421,30.2371,216.858,176.767,1,-1,-1,-1
81,9,1563.72,890.464,118.471,186.221,1,-1,-1,-1
82,104,1177.85,279.998,187.222,182.677,1,-1,-1,-1
82,97,625.921,802.404,178.744,162.321,1,-1,-1,-1
82,84,0.266706,242.168,164.085,175.819,1,-1,-1,-1
82,9,1566.38,886.25,118.353,191.076,1,-1,-1,-1
83,106,1874.47,1025.03,43.6234,53.6246,1,-1,-1,-1
83,104,1095.28,354.893,285.177,174.727,1,-1,-1,-1
83,97,609.876,871.477,184.359,173.454,1,-1,-1,-1
83,84,0.00206,262.433,118.501,177.398,1,-1,-1,-1
83,9,1568.74,882.387,125.193,192.17,1,-1,-1,-1
84,107,635.744,1009.78,187.706,68.6865,1,-1,-1,-1
84,84,0.245122,287.701,71.2806,111.172,1,-1,-1,-1
84,65,515.753,236.868,327.766,140.823,1,-1,-1,-1
84,39,1193.92,472.921,195.908,162.725,1,-1,-1,-1
84,9,1573.39,862.844,124.974,199.977,1,-1,-1,-1
85,99,1204.76,591.375,202.721,166.32,1,-1,-1,-1
85,84,0.218091,318.463,57.6394,103.58,1,-1,-1,-1
85,9,1575.15,841.74,129.287,217.207,1,-1,-1,-1
86,108,0.00845,338.086,57.7524,179.559,1,-1,-1,-1
86,84,0.176853,349.578,58.2819,90.0498,1,-1,-1,-1
86,78,1237.04,704.044,200.066,178.941,1,-1,-1,-1
86,9,1575.73,848.249,124.295,200.27,1,-1,-1,-1
87,109,0.285097,504.512,38.2198,72.0337,1,-1,-1,-1
87,108,0.469675,391.796,67.437,104.365,1,-1,-1,-1
87,76,1276.21,805.473,202.504,160.428,1,-1,-1,-1
87,9,1504.68,831.523,197.255,203.26,1,-1,-1,-1
88,110,0.233193,442.693,78.4881,188.251,1,-1,-1,-1
88,109,0.167924,526.959,47.1411,103.85,1,-1,-1,-1
88,91,1503.95,7.05566,215.174,149.63,1,-1,-1,-1
88,76,1311.25,890.108,197.224,156.071,1,-1,-1,-1
88,9,1571.75,835.989,121.716,189.575,1,-1,-1,-1
89,110,0.280381,522.354,137.737,181.163,1,-1,-1,-1
89,94,1274.57,44.1926,237.858,159.253,1,-1,-1,-1
89,76,1336.29,937.446,198.869,139.46,1,-1,-1,-1
89,9,1570.59,819.549,125.807,197.232,1,-1,-1,-1
90,111,1359.12,814.882,337.189,260.944,1,-1,-1,-1
90,110,10.6257,576.825,227.943,200.461,1,-1,-1,-1
90,76,1359.77,924.721,198.022,153.145,1,-1,-1,-1
90,30,1029.51,116.462,238.296,137.312,1,-1,-1,-1
90,9,1575.57,815.365,121.721,204.867,1,-1,-1,-1
91,111,1373.92,808.59,324.494,239.23,1,-1,-1,-1
91,110,113.019,641.95,209.999,202.891,1,-1,-1,-1
91,76,1377.27,876.427,199.774,166.877,1,-1,-1,-1
91,50,770.795,150.323,330.953,185.806,1,-1,-1,-1
91,9,1586.04,807.956,115.305,204.885,1,-1,-1,-1
92,76,1381.32,868.239,189.874,157.323,1,-1,-1,-1
92,65,529.608,222.516,291.13,190.301,1,-1,-1,-1
92,9,1576.06,797.53,124.348,209.812,1,-1,-1,-1
92,1,215.843,702.653,200.743,186.273,1,-1,-1,-1
93,91,1459.86,13.082,211.729,153.401,1,-1,-1,-1
93,76,1353.81,875.074,195.404,160.862,1,-1,-1,-1
93,59,335.706,304.603,279.394,188.45,1,-1,-1,-1
93,52,303.528,762.714,197.922,167.909,1,-1,-1,-1
93,9,1529.53,793.138,180.284,215.11,1,-1,-1,-1
94,112,173.55,411.505,220.603,157.076,1,-1,-1,-1
94,76,1317.65,875.532,210.747,197.462,1,-1,-1,-1
94,52,398.659,806.922,174.52,159.755,1,-1,-1,-1
94,9,1530.54,790.28,176.696,209.806,1,-1,-1,-1
95,113,63.139,478.958,209.693,162.563,1,-1,-1,-1
95,76,1306.76,955.796,200.155,122.198,1,-1,-1,-1
95,52,459.775,865.103,171.33,162.336,1,-1,-1,-1
95,9,1533.97,787.776,173.726,207.249,1,-1,-1,-1
96,113,0.445974,545.519,174.871,151.135,1,-1,-1,-1
96,106,1886.17,1046.15,32.4829,32.2064,1,-1,-1,-1
96,76,1333.84,1040.48,213.27,37.4279,1,-1,-1,-1
96,52,505.445,925.664,176.675,152.266,1,-1,-1,-1
96,9,1534.69,781.631,172.107,211.216,1,-1,-1,-1
97,109,0.664763,602.571,91.7933,109.822,1,-1,-1,-1
97,106,1879.96,1031.84,38.2925,46.8121,1,-1,-1,-1
97,76,1441.09,1025.61,115.613,52.4824,1,-1,-1,-1
97,52,516.384,981.577,197.624,96.3307,1,-1,-1,-1
97,9,1537.64,778.254,168.324,206.244,1,-1,-1,-1
98,109,0.074499,662.965,53.8314,77.7648,1,-1,-1,-1
98,106,1873.43,1029.96,45.0052,48.6895,1,-1,-1,-1
98,79,1759.61,571.912,158.91,115.246,1,-1,-1,-1
98,76,1386.74,972.146,180.791,105.469,1,-1,-1,-1
98,63,0.359008,651.763,75.2812,110.481,1,-1,-1,-1
98,52,530.43,1027.85,200.624,49.8622,1,-1,-1,-1
98,9,1538.66,771.251,166.794,210.117,1,-1,-1,-1
99,115,0.498987,736.748,50.6285,93.3954,1,-1,-1,-1
99,114,1501.36,513.654,256.458,140.748,1,-1,-1,-1
99,106,1871.27,1020.99,47.1206,57.5775,1,-1,-1,-1
99,89,1724.52,0.119548,191.859,107.413,1,-1,-1,-1
99,76,1329.2,892.357,186.178,164.32,1,-1,-1,-1
99,71,1188.17,1020.21,147.733,57.8964,1,-1,-1,-1
99,9,1539.91,768.618,161.585,204.857,1,-1,-1,-1
100,117,0.560849,844.895,60.2227,136.482,1,-1,-1,-1
100,116,1333.83,455.914,238.775,146.51,1,-1,-1,-1
100,106,1865.17,1008.53,52.8105,69.9144,1,-1,-1,-1
100,78,1223.33,808.407,177.797,136.996,1,-1,-1,-1
100,76,1219.03,819.456,204.255,245.637,1,-1,-1,-1
100,9,1540.07,760.754,160.197,207.952,1,-1,-1,-1
101,118,1040.58,770.053,225.863,134.868,1,-1,-1,-1
101,106,1858.62,981.955,59.0549,96.4542,1,-1,-1,-1
101,76,1304.48,863.72,193.027,139.727,1,-1,-1,-1
101,21,1185.6,432.269,237.735,162.581,1,-1,-1,-1
101,9,1533.37,756.864,163.77,202.563,1,-1,-1,-1
102,119,1397.16,802.848,187.753,141.68,1,-1,-1,-1
102,118,932.838,763.388,226.155,149.415,1,-1,-1,-1
102,111,1398.14,762.956,284.548,188.421,1,-1,-1,-1
102,106,1865.59,987.067,52.6049,90.8753,1,-1,-1,-1
102,102,896.672,0.389467,187.482,138.266,1,-1,-1,-1
102,101,980.277,1022.31,95.652,56.0144,1,-1,-1,-1
102,21,1092.42,455.507,238.1,201.213,1,-1,-1,-1
102,9,1533.29,756.857,160.144,200.971,1,-1,-1,-1
103,120,1587.76,851.727,102.509,99.2092,1,-1,-1,-1
103,118,879.447,768.68,204.375,164.132,1,-1,-1,-1
103,106,1859.22,992.34,58.9347,85.8469,1,-1,-1,-1
103,98,775.788,922.586,234.731,150.455,1,-1,-1,-1
103,30,931.384,79.5199,190.464,194.635,1,-1,-1,-1
103,21,1067.41,494.566,251.3,208.587,1,-1,-1,-1
103,9,1502.38,751.575,191.188,201.017,1,-1,-1,-1
104,118,826.115,756.89,210.319,154.727,1,-1,-1,-1
104,111,1532.28,726.841,297.948,219.063,1,-1,-1,-1
104,106,1855.3,990.719,62.6688,87.5808,1,-1,-1,-1
104,98,698.044,885.31,193.833,142.761,1,-1,-1,-1
104,56,1648.75,723.835,190.088,142.114,1,-1,-1,-1
104,50,933.539,213.966,189.357,199.504,1,-1,-1,-1
104,21,1098.65,558.276,218.842,167.29,1,-1,-1,-1
104,9,1534.06,748.511,160.252,198.924,1,-1,-1,-1
105,121,1781,702,137.654,91.5769,1,-1,-1,-1
105,118,808.106,712.207,194.582,149.386,1,-1,-1,-1
105,107,595.49,934.081,199.901,144.273,1,-1,-1,-1
105,106,1855.15,984.382,62.9672,93.8443,1,-1,-1,-1
105,100,924.498,364.418,188.197,175.898,1,-1,-1,-1
105,21,1128.96,553.512,210.574,157.141,1,-1,-1,-1
105,9,1534.07,741.859,157.81,201.405,1,-1,-1,-1
106,123,357.104,0,151.944,92.0664,1,-1,-1,-1
106,122,910.058,495.798,188.678,167.128,1,-1,-1,-1
106,118,820.986,661.759,179.29,149.656,1,-1,-1,-1
106,107,513.917,983.725,199.38,94.2772,1,-1,-1,-1
106,106,1846.06,977.416,71.6993,100.898,1,-1,-1,-1
106,21,1147.08,505.503,204.711,153.936,1,-1,-1,-1
106,9,1531.4,737.166,157.801,205.068,1,-1,-1,-1
107,125,438.71,0.279554,205.786,132.078,1,-1,-1,-1
107,124,209.998,964.015,207.089,114.054,1,-1,-1,-1
107,122,937.385,588.52,185.799,183.571,1,-1,-1,-1
107,118,836.946,592.775,158.528,154.093,1,-1,-1,-1
107,106,1837.75,964.347,79.853,113.854,1,-1,-1,-1
107,52,557.957,1043.08,100.165,34.92,1,-1,-1,-1
107,39,1170.5,427.703,201.587,165.961,1,-1,-1,-1
107,9,1529.52,730.124,159.133,208.452,1,-1,-1,-1
108,126,340.844,847.414,215.317,149.157,1,-1,-1,-1
108,125,525.903,1.6874,227.821,182.49,1,-1,-1,-1
108,122,926.948,662.335,150.094,187.581,1,-1,-1,-1
108,118,845.834,514.083,183.562,173.894,1,-1,-1,-1
108,106,1832.83,959.985,85.1588,118.293,1,-1,-1,-1
108,39,1214.55,381.729,195.087,146.626,1,-1,-1,-1
108,9,1528.97,731.855,154.545,201.783,1,-1,-1,-1
109,130,1433.48,1009.33,173.331,68.1933,1,-1,-1,-1
109,129,1003.14,0,161.115,77.1364,1,-1,-1,-1
109,128,482.491,773.833,229.547,139.846,1,-1,-1,-1
109,127,1259.97,286.901,195.4,147.594,1,-1,-1,-1
109,125,626.646,30.3526,246.556,191.99,1,-1,-1,-1
109,122,909.169,718.068,187.73,176.933,1,-1,-1,-1
109,118,870.108,440.202,177.731,172.106,1,-1,-1,-1
109,106,1827.06,960.101,91.0858,118.112,1,-1,-1,-1
109,9,1526.92,724.89,156.099,206.138,1,-1,-1,-1
110,132,675.195,797.568,219.618,129.19,1,-1,-1,-1
110,131,1320.85,169.214,192.949,160.326,1,-1,-1,-1
110,129,1035.78,1.33699,204.24,148.359,1,-1,-1,-1
110,125,721.493,28.7306,238.402,185.195,1,-1,-1,-1
110,122,943.506,790.089,188.233,156.887,1,-1,-1,-1
110,106,1826.04,959.361,91.8855,118.799,1,-1,-1,-1
110,100,890.638,385.244,172.577,158.917,1,-1,-1,-1
110,78,1231.23,918.015,212.555,157.85,1,-1,-1,-1
110,9,1527.39,723.021,153.552,206.116,1,-1,-1,-1
111,133,1013.81,816.987,293.987,174.85,1,-1,-1,-1
111,131,1382.81,135.37,198.923,113.209,1,-1,-1,-1
111,129,1105.43,25.4823,219.673,151.661,1,-1,-1,-1
111,125,810.847,1.44163,191.995,147.939,1,-1,-1,-1
111,122,848.711,826.985,203.22,145.535,1,-1,-1,-1
111,106,1823.09,961.078,95.057,117.137,1,-1,-1,-1
111,50,920.503,292.488,196.877,175.897,1,-1,-1,-1
111,9,1525.66,722.551,152.574,201.63,1,-1,-1,-1
112,134,983.614,703.338,194.188,137.068,1,-1,-1,-1
112,133,1093.45,856.283,172.487,157.869,1,-1,-1,-1
112,131,1436.14,119.598,180.878,100.977,1,-1,-1,-1
112,129,1186.71,17.5434,231.188,147.574,1,-1,-1,-1
112,122,963.1,803.395,190.649,156.464,1,-1,-1,-1
112,106,1817.82,961.932,100.703,116.082,1,-1,-1,-1
112,102,844.686,0.096075,190.44,122.972,1,-1,-1,-1
112,50,975.987,233.409,208.427,156.208,1,-1,-1,-1
112,9,1524.47,698.086,152.071,225.19,1,-1,-1,-1
113,135,876.237,610.142,193.824,178.377,1,-1,-1,-1
113,134,1039.45,733.975,205.866,159.887,1,-1,-1,-1
113,133,1177.06,870.087,178.219,138.63,1,-1,-1,-1
113,131,1426.61,96.5,143.214,124.389,1,-1,-1,-1
113,106,1820.37,960.395,97.953,117.527,1,-1,-1,-1
113,102,893.405,1.53025,178.424,136.344,1,-1,-1,-1
113,91,1273.82,25.0914,208.107,140.784,1,-1,-1,-1
113,50,1080,203.937,209.26,139.212,1,-1,-1,-1
113,9,1523.89,708.49,151.692,215.553,1,-1,-1,-1
114,137,1215.26,130.709,261.428,175.893,1,-1,-1,-1
114,136,1214.41,188.34,173.978,116.654,1,-1,-1,-1
114,133,1245.29,851.733,191.226,143.578,1,-1,-1,-1
114,129,1334.9,119.04,153.891,116.944,1,-1,-1,-1
114,118,784.538,485.701,207.214,178.916,1,-1,-1,-1
114,106,1813.04,959.618,105.075,118.622,1,-1,-1,-1
114,102,903.107,31.2242,170.127,174.21,1,-1,-1,-1
114,94,1348.88,2.98069,220.791,132.405,1,-1,-1,-1
114,76,1113.28,659.826,234.722,166.374,1,-1,-1,-1
114,9,1525.22,714.53,146.681,210.173,1,-1,-1,-1
115,137,1318.76,177.975,154.699,157.509,1,-1,-1,-1
115,136,1192.06,115.582,212.159,152.323,1,-1,-1,-1
115,133,1313.79,814.201,202.591,171.965,1,-1,-1,-1
115,106,1795.26,960.796,121.209,117.491,1,-1,-1,-1
115,100,737.426,368.503,206.605,177.463,1,-1,-1,-1
115,94,1441.02,2.52685,230.054,111.449,1,-1,-1,-1
115,76,1209.29,654.125,227.371,171.929,1,-1,-1,-1
115,30,855.278,118.829,205.365,194.204,1,-1,-1,-1
115,9,1525.75,710.537,144.963,210.855,1,-1,-1,-1
116,140,1336.4,721.75,213.963,154.263,1,-1,-1,-1
116,139,0.258871,18.7094,193.896,176.161,1,-1,-1,-1
116,138,742.216,262.735,248.377,174.782,1,-1,-1,-1
116,137,1361.62,197.585,173.518,188.7,1,-1,-1,-1
116,136,1181.5,145.309,173.366,164.346,1,-1,-1,-1
116,119,1400.24,777.228,173.726,160.212,1,-1,-1,-1
116,106,1785.6,959.534,131.411,118.819,1,-1,-1,-1
116,94,1568.9,1.27359,226.203,146.804,1,-1,-1,-1
116,9,1545.65,711.221,123.138,204.768,1,-1,-1,-1
117,143,1633.4,1028.55,106.36,49.6515,1,-1,-1,-1
117,142,4.16905,186.284,266.64,184.192,1,-1,-1,-1
117,141,1704.61,74.8277,210.146,128.743,1,-1,-1,-1
117,138,777.92,321.83,219.472,154.218,1,-1,-1,-1
117,137,1391.64,231.156,190.778,187.089,1,-1,-1,-1
117,136,1206.33,196.061,247.614,158.936,1,-1,-1,-1
117,107,478.495,963.554,215.674,114.564,1,-1,-1,-1
117,106,1787.94,973.55,128.211,104.828,1,-1,-1,-1
117,30,772.213,186.801,282.707,290.567,1,-1,-1,-1
117,9,1464.61,709.857,206.472,217.524,1,-1,-1,-1
118,147,72.0564,819.832,487.826,227.883,1,-1,-1,-1
118,146,1832.4,161.132,85.4115,111.931,1,-1,-1,-1
118,145,1646.51,912.6,153.047,165.702,1,-1,-1,-1
118,144,115.036,323.789,220.735,156.19,1,-1,-1,-1
118,138,805.451,376.245,212.195,143.794,1,-1,-1,-1
118,137,1438.82,292.751,201.736,135.182,1,-1,-1,-1
118,136,1315.25,218.364,193.149,142.29,1,-1,-1,-1
118,133,1549.48,824.864,187.368,132.32,1,-1,-1,-1
118,126,386.219,918.811,158.963,128.789,1,-1,-1,-1
118,106,1755.51,995.494,159.945,82.7936,1,-1,-1,-1
118,56,1578.26,696.648,197.299,130.861,1,-1,-1,-1
118,50,967.029,150.612,239.102,183.549,1,-1,-1,-1
118,9,1525.75,713.35,115.537,189.625,1,-1,-1,-1
119,150,1886.37,226.307,31.4297,68.9518,1,-1,-1,-1
119,149,1163.5,172.488,234.814,107.571,1,-1,-1,-1
119,148,1721.52,821.758,126.006,188.972,1,-1,-1,-1
119,146,1851.39,172.444,66.2229,122.662,1,-1,-1,-1
119,138,856.997,408.091,259.062,164.868,1,-1,-1,-1
119,137,1483.51,281.475,195.186,149.905,1,-1,-1,-1
119,136,1340.16,202.948,177.103,138.555,1,-1,-1,-1
119,133,1607.37,813.675,169.842,147.897,1,-1,-1,-1
119,121,1722.67,634.242,169.327,141.616,1,-1,-1,-1
119,112,224.346,372.164,207.884,161.077,1,-1,-1,-1
119,106,1780.86,980.52,126.627,98.0305,1,-1,-1,-1
119,9,1526.94,689.179,133.384,217.429,1,-1,-1,-1
119,1,271.72,847.141,182.867,147.1,1,-1,-1,-1
120,148,1777.72,830.468,140.143,164.506,1,-1,-1,-1
120,138,944.807,401.272,257.813,163.43,1,-1,-1,-1
120,137,1479.25,283.048,216.147,147.015,1,-1,-1,-1
120,133,1648.3,773.074,171.453,147.945,1,-1,-1,-1
120,129,1370.84,125.843,133.805,136.843,1,-1,-1,-1
120,125,1368.76,112.14,207.682,176.625,1,-1,-1,-1
120,112,330.103,375.044,210.392,181.845,1,-1,-1,-1
120,106,1781.12,976.092,125.811,102.306,1,-1,-1,-1
120,79,1847.98,613.402,70.5851,124.742,1,-1,-1,-1
120,9,1528.71,697.102,127.915,212.381,1,-1,-1,-1
120,1,214.094,809.57,227.93,156.044,1,-1,-1,-1
121,153,1488.86,242.709,327.081,232.1,1,-1,-1,-1
121,152,1664.88,237.854,154.072,114.407,1,-1,-1,-1
121,151,1076.57,322.09,204.789,161.77,1,-1,-1,-1
121,137,1494.27,295.126,195.65,177.945,1,-1,-1,-1
121,133,1685.38,738.185,197.588,189.442,1,-1,-1,-1
121,112,434.211,409.729,216.596,174.002,1,-1,-1,-1
121,106,1763.71,972.462,149.348,105.787,1,-1,-1,-1
121,91,1295.84,49.1691,142.169,170.393,1,-1,-1,-1
121,9,1525.34,687.756,131.498,220.896,1,-1,-1,-1
121,1,200.776,788.521,222.303,154.873,1,-1,-1,-1
122,155,1791.37,254.792,126.775,160.083,1,-1,-1,-1
122,154,1155.3,16.8865,151.377,189.092,1,-1,-1,-1
122,137,1536.29,366.531,211.363,147.776,1,-1,-1,-1
122,133,1764.6,707.42,153.466,182.129,1,-1,-1,-1
122,127,1194.14,231.146,197.716,166.335,1,-1,-1,-1
122,106,1737.44,976.242,150.22,102.071,1,-1,-1,-1
122,100,541.722,387.389,190.942,187.47,1,-1,-1,-1
122,9,1523.87,702.328,136.969,203.532,1,-1,-1,-1
122,1,199.985,821.435,222.101,158.692,1,-1,-1,-1
123,156,1881.25,365.934,36.9211,75.1875,1,-1,-1,-1
123,137,1592.62,375.589,192.849,122.77,1,-1,-1,-1
123,133,1841.94,701.836,76.6663,140.443,1,-1,-1,-1
123,129,1312.09,181.814,199.247,166.476,1,-1,-1,-1
123,106,1738.58,971.686,145.924,106.224,1,-1,-1,-1
123,102,894.266,25.2803,224.094,173.346,1,-1,-1,-1
123,65,571.43,329.155,186.203,193.379,1,-1,-1,-1
123,9,1524.31,700.542,132.39,202.32,1,-1,-1,-1
123,1,257.987,876.893,194.529,139.404,1,-1,-1,-1
124,157,619.512,3.46226,308.467,149.435,1,-1,-1,-1
124,137,1653.13,332.412,189.41,142.509,1,-1,-1,-1
124,125,1417.32,145.158,209.633,148.764,1,-1,-1,-1
124,106,1750.59,983.509,134.288,95.1154,1,-1,-1,-1
124,79,1884.75,685.975,33.2242,69.2277,1,-1,-1,-1
124,65,572.338,248.582,195.461,185.119,1,-1,-1,-1
124,9,1521.85,709.106,136.842,190.933,1,-1,-1,-1
124,1,275.821,883.828,185.168,157.782,1,-1,-1,-1
125,158,0.321493,276.729,107.928,146.581,1,-1,-1,-1
125,155,1709.48,275.483,209.168,164.607,1,-1,-1,-1
125,125,1527.18,99.084,189.674,145.062,1,-1,-1,-1
125,123,406.137,0.401337,313.104,107.44,1,-1,-1,-1
125,106,1750.96,983.647,132.901,94.7652,1,-1,-1,-1
125,98,650.185,948.328,212.591,130.164,1,-1,-1,-1
125,65,573.493,197.995,189.338,176.707,1,-1,-1,-1
125,9,1526.8,701.651,134.656,200.851,1,-1,-1,-1
125,1,284.96,870.379,181.671,168.547,1,-1,-1,-1
126,161,278.098,0.373688,140.736,66.6747,1,-1,-1,-1
126,160,1672.29,126.983,203.018,210.76,1,-1,-1,-1
126,159,893.784,858.9,167.289,153.752,1,-1,-1,-1
126,155,1698.73,230.151,219.461,166.081,1,-1,-1,-1
126,152,1651.4,214.004,134.558,141.394,1,-1,-1,-1
126,142,104.97,125.241,227.001,193.322,1,-1,-1,-1
126,141,1724.32,126.045,156.006,113.389,1,-1,-1,-1
126,106,1757.18,985.713,126.347,92.4761,1,-1,-1,-1
126,94,1622.99,51.7012,185.738,135.147,1,-1,-1,-1
126,65,568.818,179.877,197.255,185.557,1,-1,-1,-1
126,9,1520.2,702.587,141.574,201.202,1,-1,-1,-1
126,1,291.166,839.928,187.345,153.207,1,-1,-1,-1
127,162,266.09,8.65059,270.625,185.304,1,-1,-1,-1
127,155,1769.19,218.781,148.915,198.452,1,-1,-1,-1
127,136,1404.12,209.696,198.442,127.431,1,-1,-1,-1
127,134,1037.31,775.651,180.028,169.966,1,-1,-1,-1
127,125,1595.75,115.599,161.042,107.043,1,-1,-1,-1
127,106,1757.62,984.146,123.142,93.8898,1,-1,-1,-1
127,94,1674.74,0.263929,169.354,135.905,1,-1,-1,-1
127,65,566.827,231.933,185.594,191.381,1,-1,-1,-1
127,9,1513.16,703.191,149.413,201.193,1,-1,-1,-1
127,1,318.037,752.429,194.608,162.204,1,-1,-1,-1
128,163,380.143,659.927,192.081,154.441,1,-1,-1,-1
128,155,1781.65,305.879,136.445,148.257,1,-1,-1,-1
128,153,1555.46,258.775,232.212,141.427,1,-1,-1,-1
128,131,1455.66,92.2522,188.965,183.591,1,-1,-1,-1
128,129,1305.09,221.066,168.034,158.951,1,-1,-1,-1
128,123,492.736,0.544421,221.143,107.31,1,-1,-1,-1
128,118,742.645,451.846,204.234,168.798,1,-1,-1,-1
128,112,534.928,320.744,197.254,196.194,1,-1,-1,-1
128,106,1762.74,977.937,122.976,100.075,1,-1,-1,-1
128,94,1681.71,0.340793,149.328,85.1237,1,-1,-1,-1
128,76,1177.86,670.671,167.309,180.234,1,-1,-1,-1
128,9,1515.35,704.758,149.004,195.635,1,-1,-1,-1
129,168,1229.49,118.669,348.509,297.282,1,-1,-1,-1
129,167,698.607,0.328355,154.803,42.3762,1,-1,-1,-1
129,166,1830.92,67.6555,86.9178,158.913,1,-1,-1,-1
129,165,450.279,530.42,189.026,157.021,1,-1,-1,-1
129,164,1265.24,569.406,167.547,176.45,1,-1,-1,-1
129,137,1784.55,377.876,134.104,175.616,1,-1,-1,-1
129,136,1412.49,114.848,159.461,203.549,1,-1,-1,-1
129,133,1772.15,682.528,146.338,143.911,1,-1,-1,-1
129,129,1345.77,271.953,236.611,148.913,1,-1,-1,-1
129,127,1241.07,206.632,174.241,168.926,1,-1,-1,-1
129,112,509.732,424.652,196.477,134.86,1,-1,-1,-1
129,106,1756.7,979.068,127.287,98.9442,1,-1,-1,-1
129,94,1650.58,0.065073,160.01,123.873,1,-1,-1,-1
129,9,1517.91,704.565,146.641,189.153,1,-1,-1,-1
130,165,516.399,519.137,186.77,160.496,1,-1,-1,-1
130,149,1180.33,173.062,273.918,175.364,1,-1,-1,-1
130,137,1785.62,466.982,132.363,141.855,1,-1,-1,-1
130,127,1314.8,182.928,141.345,172.998,1,-1,-1,-1
130,125,1611.84,36.937,175.731,182.072,1,-1,-1,-1
130,116,1328.01,403.217,188.49,245.477,1,-1,-1,-1
130,112,517.491,383.58,193.773,161.161,1,-1,-1,-1
130,106,1737.05,970.899,141.046,107.074,1,-1,-1,-1
130,50,1015.36,248.942,238.602,127.223,1,-1,-1,-1
130,9,1515.04,699.363,153.52,191.91,1,-1,-1,-1
131,170,1418.06,364.649,189.746,169.35,1,-1,-1,-1
131,169,721.583,140.001,294.485,159.192,1,-1,-1,-1
131,158,0.891474,305.848,87.4536,124.629,1,-1,-1,-1
131,153,1413.24,266.383,397.431,269.339,1,-1,-1,-1
131,152,1561.56,128.807,198.416,183.348,1,-1,-1,-1
131,151,1112.37,273.619,221.383,169.43,1,-1,-1,-1
131,149,1223.71,169.409,204.559,147.51,1,-1,-1,-1
131,137,1835.3,501.086,83.1576,120.247,1,-1,-1,-1
131,106,1732.65,967.183,139.727,110.821,1,-1,-1,-1
131,65,582.284,251.9,197.615,167.603,1,-1,-1,-1
131,30,538.473,609.246,197.587,156.295,1,-1,-1,-1
131,9,1515.19,686.648,154.631,202.751,1,-1,-1,-1
132,171,1.88014,234.123,207.299,159.271,1,-1,-1,-1
132,169,651.629,142.536,213.11,171.999,1,-1,-1,-1
132,153,1510.59,244.774,226.016,165.118,1,-1,-1,-1
132,138,1003.08,350.653,219.325,181.961,1,-1,-1,-1
132,123,449.401,15.6416,261.732,162.35,1,-1,-1,-1
132,106,1736.49,956.315,133.796,121.842,1,-1,-1,-1
132,91,1280.49,149.91,215.122,151.469,1,-1,-1,-1
132,30,592.388,688.767,186.895,168.1,1,-1,-1,-1
132,9,1517.45,678.987,150.493,210.275,1,-1,-1,-1
133,172,924.007,443.592,215.818,178.233,1,-1,-1,-1
133,170,1486.82,326.561,199.87,145.104,1,-1,-1,-1
133,169,723.515,80.1422,221.599,171.434,1,-1,-1,-1
133,142,101.145,176.651,215.394,159.92,1,-1,-1,-1
133,141,1719.68,171.13,176.171,143.822,1,-1,-1,-1
133,136,1376.49,102.695,207.435,153.822,1,-1,-1,-1
133,132,620.72,781.897,197.426,166.944,1,-1,-1,-1
133,106,1737.23,947.855,128.567,130.034,1,-1,-1,-1
133,9,1514.59,674.041,151.808,210.675,1,-1,-1,-1
134,170,1506.22,375.917,194.022,137.813,1,-1,-1,-1
134,169,802.674,41.6612,220.103,171.446,1,-1,-1,-1
134,142,189.505,123.686,215.781,158.733,1,-1,-1,-1
134,135,880.441,527.444,215.412,183.626,1,-1,-1,-1
134,133,1789.54,645.973,127.481,137.74,1,-1,-1,-1
134,131,1480.06,33.0502,203.352,160.122,1,-1,-1,-1
134,106,1736.3,940.62,128.297,136.377,1,-1,-1,-1
134,98,668.155,878.825,195.755,161.508,1,-1,-1,-1
134,9,1514.95,666.355,154.877,212.35,1,-1,-1,-1
135,170,1556.76,431.737,184.319,122.233,1,-1,-1,-1
135,169,881.783,46.5994,191.593,175.578,1,-1,-1,-1
135,162,246.765,94.807,220.191,160.898,1,-1,-1,-1
135,135,866.571,633.01,201.641,176.485,1,-1,-1,-1
135,121,1663.41,586.377,175.555,131.839,1,-1,-1,-1
135,106,1739.63,917.159,126.401,156.583,1,-1,-1,-1
135,98,723.624,937.984,207.704,140.046,1,-1,-1,-1
135,94,1578.03,0.091477,160.603,82.9026,1,-1,-1,-1
135,9,1512.02,666.329,159.157,206.125,1,-1,-1,-1
136,174,1559.56,574.273,143.548,122.787,1,-1,-1,-1
136,173,814.965,1011.14,199.123,66.8942,1,-1,-1,-1
136,170,1617.37,457.95,198.041,138.822,1,-1,-1,-1
136,162,293.604,70.09,224.669,159.003,1,-1,-1,-1
136,135,876.278,719.637,197.662,163.482,1,-1,-1,-1
136,106,1736.55,895.926,131.844,177.116,1,-1,-1,-1
136,102,956.578,87.6595,197.614,175.208,1,-1,-1,-1
136,56,1512.14,464.459,292.909,399.174,1,-1,-1,-1
136,9,1513.66,678.718,153.384,185.2,1,-1,-1,-1
137,176,993.575,1049.44,88.9681,28.8806,1,-1,-1,-1
137,175,1416.56,576.566,133.381,137.502,1,-1,-1,-1
137,170,1684.99,480.587,203.499,152.905,1,-1,-1,-1
137,162,347.772,57.8943,225.466,167.636,1,-1,-1,-1
137,135,908.03,772.553,218.716,170.779,1,-1,-1,-1
137,106,1730.35,882.709,136.074,186.044,1,-1,-1,-1
137,102,1039.05,142.936,205.029,195.005,1,-1,-1,-1
137,9,1512.77,660.319,163.43,201.868,1,-1,-1,-1
138,170,1767.07,511.546,151.489,128.819,1,-1,-1,-1
138,164,1260.97,588.589,141.263,147.857,1,-1,-1,-1
138,151,1120.38,219.692,222.114,176.269,1,-1,-1,-1
138,134,995.758,822.556,175.783,163.825,1,-1,-1,-1
138,123,406.781,66.625,218.965,177.247,1,-1,-1,-1
138,106,1726.36,875.362,141.596,187.852,1,-1,-1,-1
138,9,1516.25,667.186,164.687,184.214,1,-1,-1,-1
139,151,1186.05,248.406,232.849,166.539,1,-1,-1,-1
139,137,1868.6,540.304,50.052,73.887,1,-1,-1,-1
139,134,1034.65,849.533,219.589,159.808,1,-1,-1,-1
139,123,467.621,113.689,216.737,172.663,1,-1,-1,-1
139,106,1697.82,861.314,166.812,199.344,1,-1,-1,-1
139,76,1113.96,681.526,145.237,136.925,1,-1,-1,-1
139,9,1516.19,630.128,167.362,208.71,1,-1,-1,-1
140,177,1084.05,1027.49,104.13,50.7206,1,-1,-1,-1
140,135,1005.57,774.154,132.972,145.199,1,-1,-1,-1
140,134,1137.44,869.626,174.826,155.622,1,-1,-1,-1
140,106,1723.67,846.006,125.515,192.159,1,-1,-1,-1
140,91,1272.57,243.532,223.839,156.256,1,-1,-1,-1
140,65,540.283,169.576,214.283,184.202,1,-1,-1,-1
140,9,1522.28,648.866,161.494,192.15,1,-1,-1,-1
141,177,1038.42,957.3,163.297,121.094,1,-1,-1,-1
141,168,1369.97,228.141,217.3,159.875,1,-1,-1,-1
141,159,829.428,815.051,204.345,123.481,1,-1,-1,-1
141,134,1193.83,864.377,190.795,149,1,-1,-1,-1
141,112,613.19,264.158,208.477,160.318,1,-1,-1,-1
141,106,1700.62,819.396,141.818,212.427,1,-1,-1,-1
141,9,1525.73,641.489,161.035,185.166,1,-1,-1,-1
142,178,755.603,809.954,114.604,123.86,1,-1,-1,-1
142,177,1022.48,841.386,189.536,172.183,1,-1,-1,-1
142,168,1466.94,221.607,203.389,155.487,1,-1,-1,-1
142,134,1241.71,844.892,175.519,172.95,1,-1,-1,-1
142,132,672.596,802.646,220.985,143.722,1,-1,-1,-1
142,118,678.923,353.121,217.332,165.051,1,-1,-1,-1
142,106,1670.38,795.045,170.151,213.02,1,-1,-1,-1
142,9,1526.74,630.852,162.719,188.431,1,-1,-1,-1
143,168,1568.38,226.655,205.974,144.852,1,-1,-1,-1
143,134,1232.08,866.191,200.951,164.38,1,-1,-1,-1
143,118,741.713,416.908,221.104,151.609,1,-1,-1,-1
143,106,1660.45,790.456,164.233,175.973,1,-1,-1,-1
143,76,1038.91,713.219,182.467,167.702,1,-1,-1,-1
143,30,540.098,766.197,223.537,139.955,1,-1,-1,-1
143,9,1527.7,622.773,164.912,186.632,1,-1,-1,-1
144,179,1052.49,561.407,199.188,199.317,1,-1,-1,-1
144,163,412.777,689.53,227.932,171.389,1,-1,-1,-1
144,141,1670.45,243.486,209.676,155.195,1,-1,-1,-1
144,134,1228.86,902.082,202.455,170.502,1,-1,-1,-1
144,118,788.332,446.693,220.816,160.997,1,-1,-1,-1
144,106,1557.43,772.616,211.881,165.587,1,-1,-1,-1
144,9,1527.9,619.817,166.422,176.959,1,-1,-1,-1
145,180,317.311,615.121,216.398,160.953,1,-1,-1,-1
145,179,1105.6,481.473,211.489,185.173,1,-1,-1,-1
145,172,831.006,463.142,215.638,161.152,1,-1,-1,-1
145,155,1779.88,279.253,138.236,148.696,1,-1,-1,-1
145,134,1248.19,968.074,197.987,109.79,1,-1,-1,-1
145,106,1435.66,774.193,298.665,148.732,1,-1,-1,-1
145,9,1528.4,609.305,176.116,177.258,1,-1,-1,-1
146,182,1149.25,0,124.679,62.2866,1,-1,-1,-1
146,181,228.506,492.802,221.792,185.145,1,-1,-1,-1
146,172,859.947,468.13,217.222,159.576,1,-1,-1,-1
146,156,1872.33,332.135,46.01,70.286,1,-1,-1,-1
146,134,1280.07,1001.6,214.93,76.3055,1,-1,-1,-1
146,129,1194.36,423.769,215.479,176.298,1,-1,-1,-1
146,119,1344.8,763.54,219.358,161.273,1,-1,-1,-1
146,9,1533.25,601.235,192.903,175.644,1,-1,-1,-1
147,183,1128.06,1038.53,84.9406,39.6495,1,-1,-1,-1
147,182,1061,0,152.942,81.448,1,-1,-1,-1
147,172,887.77,471.798,217.144,170.7,1,-1,-1,-1
147,144,168.886,363.65,207.065,172.868,1,-1,-1,-1
147,137,1871.15,473.287,47.3978,102.83,1,-1,-1,-1
147,134,1341.22,1000.5,180.162,77.4695,1,-1,-1,-1
147,119,1294.11,755.841,272.271,190.59,1,-1,-1,-1
147,91,1304.9,366.3,220.665,166.594,1,-1,-1,-1
147,9,1529.46,597.887,176.766,177.983,1,-1,-1,-1
148,184,1144.4,991.321,143.341,86.9412,1,-1,-1,-1
148,182,985.644,0.253177,167.995,100.51,1,-1,-1,-1
148,172,930.805,492.556,207.058,173.912,1,-1,-1,-1
148,171,80.0556,235.346,222.153,177.064,1,-1,-1,-1
148,153,1427.76,288.562,221.831,173.596,1,-1,-1,-1
148,134,1350.01,979.986,196.317,98.1326,1,-1,-1,-1
148,133,1790.43,469.786,127.386,148.553,1,-1,-1,-1
148,119,1246.09,768.023,238.641,196.507,1,-1,-1,-1
148,9,1528.42,590.088,176.5,169.259,1,-1,-1,-1
149,185,10.2914,119.572,232.312,185.99,1,-1,-1,-1
149,184,1161.77,939.518,228.633,138.99,1,-1,-1,-1
149,182,929.823,0.210381,184.74,112.192,1,-1,-1,-1
149,172,992.67,521.874,212.503,177.54,1,-1,-1,-1
149,160,1564.05,197.15,213.461,181.664,1,-1,-1,-1
149,134,1360.68,967.007,202.612,111.229,1,-1,-1,-1
149,133,1736.84,478.582,181.321,146.728,1,-1,-1,-1
149,119,1189.64,771.422,214.697,192.207,1,-1,-1,-1
149,9,1529.98,581.58,178.56,170.566,1,-1,-1,-1
150,186,6.67419,9.91729,177.572,181.49,1,-1,-1,-1
150,184,1285.88,895.258,215.01,168.631,1,-1,-1,-1
150,182,900.206,0.18027,213.31,115.911,1,-1,-1,-1
150,172,1084.38,565.431,209.423,158.384,1,-1,-1,-1
150,166,1849.75,120.701,68.5385,118.659,1,-1,-1,-1
150,141,1681.65,131.085,231.14,188.968,1,-1,-1,-1
150,133,1707.45,456.076,195.704,148.723,1,-1,-1,-1
150,119,1148.04,751.904,238.355,191.713,1,-1,-1,-1
150,9,1526.92,576.888,176.987,168.081,1,-1,-1,-1
151,184,1384.26,856.235,207.333,170.186,1,-1,-1,-1
151,182,902.128,0.285301,195.316,110.237,1,-1,-1,-1
151,166,1748.5,90.7535,169.296,155.839,1,-1,-1,-1
151,164,1176.16,591.056,193.314,148.515,1,-1,-1,-1
151,141,1748.76,113.094,92.2997,123.9,1,-1,-1,-1
151,133,1692.86,432.639,221.292,169.253,1,-1,-1,-1
151,119,1132.21,762.239,182.651,167.169,1,-1,-1,-1
151,9,1521.28,564.854,192.714,182.789,1,-1,-1,-1
152,184,1471.69,828.716,221.447,174.349,1,-1,-1,-1
152,182,932.279,0.271453,200.685,106.462,1,-1,-1,-1
152,164,1253.34,621.548,202.147,153.757,1,-1,-1,-1
152,152,1596.17,122.872,110.365,145.972,1,-1,-1,-1
152,133,1719.67,427.75,197.599,165.862,1,-1,-1,-1
152,119,1141.63,773.572,168.16,175.218,1,-1,-1,-1
152,9,1522.42,550.375,175.235,177.925,1,-1,-1,-1
153,184,1639.68,805.831,184.49,166.763,1,-1,-1,-1
153,182,990.839,0.772075,206.872,119.486,1,-1,-1,-1
153,133,1776.68,419.985,141.195,182.474,1,-1,-1,-1
153,127,1381.66,142.628,183.053,142.899,1,-1,-1,-1
153,119,1123.35,769.55,190.787,172.414,1,-1,-1,-1
153,106,1340.43,655.185,181.77,153.256,1,-1,-1,-1
153,9,1518.35,551.262,180.309,170.37,1,-1,-1,-1
154,184,1758.5,762.222,159.418,155.274,1,-1,-1,-1
154,182,1068.21,22.8548,204.376,145.222,1,-1,-1,-1
154,149,1286.07,197.962,131.536,132.83,1,-1,-1,-1
154,119,1120.13,756.566,198.295,170.773,1,-1,-1,-1
154,106,1373.76,681.303,199.822,151.776,1,-1,-1,-1
154,9,1515.2,543.468,181.149,174.705,1,-1,-1,-1
155,187,1249.41,95.7639,109.203,83.0153,1,-1,-1,-1
155,184,1789.34,745.765,128.176,189.669,1,-1,-1,-1
155,151,1151.07,122.769,132.601,104.487,1,-1,-1,-1
155,119,1102.74,745.177,193.693,160.607,1,-1,-1,-1
155,106,1407.29,690.116,190.771,145.952,1,-1,-1,-1
155,102,1157.87,249.117,152.647,145.467,1,-1,-1,-1
155,9,1506.83,534.64,193.086,165.943,1,-1,-1,-1
156,184,1794.71,734.001,121.056,193.844,1,-1,-1,-1
156,149,1218.99,139.475,209.456,143.626,1,-1,-1,-1
156,141,1808.43,37.7581,108.882,145.524,1,-1,-1,-1
156,138,1004.44,319.776,182.815,167.281,1,-1,-1,-1
156,119,1079.5,713.311,192.664,169.183,1,-1,-1,-1
156,106,1438.04,669.429,192.337,153.818,1,-1,-1,-1
156,9,1506.61,519.602,182.129,164.041,1,-1,-1,-1
157,188,0.510638,806.162,81.9089,131.744,1,-1,-1,-1
157,184,1801.11,707.63,115.985,200.024,1,-1,-1,-1
157,165,962.273,432.009,171.642,168.529,1,-1,-1,-1
157,149,1263.52,168.267,200.772,155.735,1,-1,-1,-1
157,133,1791.32,391.573,126.594,147.741,1,-1,-1,-1
157,119,1065.28,676.234,192.585,165.032,1,-1,-1,-1
157,106,1488.36,613.598,172.416,183.083,1,-1,-1,-1
157,94,1668.78,0,136.302,114.01,1,-1,-1,-1
157,9,1504.65,502.335,181.925,165.544,1,-1,-1,-1
158,189,1548.21,0,128.439,72.2655,1,-1,-1,-1
158,188,6.88171,780.456,163.704,145.591,1,-1,-1,-1
158,184,1796.68,670.967,120.535,222.375,1,-1,-1,-1
158,177,954.736,532.439,180.054,163.224,1,-1,-1,-1
158,174,1505.8,575.628,164.27,164.471,1,-1,-1,-1
158,149,1288.8,192.855,199.924,159.481,1,-1,-1,-1
158,133,1738.53,402.768,179.483,145.331,1,-1,-1,-1
158,119,1062.28,640.819,185.815,158.479,1,-1,-1,-1
158,9,1503.85,490.333,188.617,119.076,1,-1,-1,-1
159,189,1500.32,0,113.182,60.9746,1,-1,-1,-1
159,188,53.0494,702.42,212.733,182.388,1,-1,-1,-1
159,184,1793.76,661.266,123.88,213.697,1,-1,-1,-1
159,179,1317.59,214.449,206.729,157.44,1,-1,-1,-1
159,174,1542.53,552.309,186.401,139.212,1,-1,-1,-1
159,133,1700.32,394.87,215.526,181.196,1,-1,-1,-1
159,129,1116.87,627.217,161.508,133.359,1,-1,-1,-1
159,119,997.355,590.09,176.049,168.954,1,-1,-1,-1
159,9,1506.29,474.969,189.668,125.1,1,-1,-1,-1
160,190,152.554,624.193,202.103,157.558,1,-1,-1,-1
160,189,1494.08,0,118.798,59.2686,1,-1,-1,-1
160,184,1786.67,641.957,128.559,216.889,1,-1,-1,-1
160,179,1390.7,260.361,194.645,141.05,1,-1,-1,-1
160,170,1661.48,428.965,243.547,213.99,1,-1,-1,-1
160,141,1777.94,0.298341,139.935,147.244,1,-1,-1,-1
160,133,1726.08,420.884,181.077,119.728,1,-1,-1,-1
160,129,1047.68,566.031,252.358,205.781,1,-1,-1,-1
160,121,1651.77,515.822,186.089,131.203,1,-1,-1,-1
160,9,1509.97,464.767,195.864,151.039,1,-1,-1,-1
161,191,969.69,0.381333,62.6942,50.6528,1,-1,-1,-1
161,189,1491.57,0,145.758,83.4037,1,-1,-1,-1
161,184,1743.95,629.874,167.051,211.417,1,-1,-1,-1
161,181,232.568,528.362,213.807,138.229,1,-1,-1,-1
161,170,1795.2,500.239,122.308,135.23,1,-1,-1,-1
161,160,1482.37,344.649,212.419,119.431,1,-1,-1,-1
161,133,1790.22,431.715,128.427,100.92,1,-1,-1,-1
161,129,1065.12,538.14,270.932,238.749,1,-1,-1,-1
161,56,1484.2,335.768,434.41,295.618,1,-1,-1,-1
161,9,1508.1,453.497,191.182,150.508,1,-1,-1,-1
162,193,1638.91,420.984,198.859,135.426,1,-1,-1,-1
162,192,357.301,390.38,183.115,169.285,1,-1,-1,-1
162,191,945.612,0,98.5604,131.132,1,-1,-1,-1
162,189,1490.74,1.87223,180.421,150.918,1,-1,-1,-1
162,184,1736,622.792,170.636,206.91,1,-1,-1,-1
162,164,1157.04,523.026,181.774,174.562,1,-1,-1,-1
162,137,1865.36,428.998,53.0736,102.651,1,-1,-1,-1
162,119,992.692,615.959,150.423,168.601,1,-1,-1,-1
162,112,867.697,0.027438,217.042,135.133,1,-1,-1,-1
162,9,1505.25,448.288,164.029,143.489,1,-1,-1,-1
163,195,846.768,584.89,200.623,164.71,1,-1,-1,-1
163,194,431.013,257.951,193.295,171.453,1,-1,-1,-1
163,184,1733.98,623.852,170.143,182.745,1,-1,-1,-1
163,170,1802.63,486.11,115.519,139.118,1,-1,-1,-1
163,164,1164.76,530.474,195.036,159.49,1,-1,-1,-1
163,152,1516.3,66.1834,184.007,143.599,1,-1,-1,-1
163,112,857.877,26.8895,251.305,175.816,1,-1,-1,-1
163,9,1504.75,418.323,190.06,160.225,1,-1,-1,-1
164,195,784.517,501.023,207.383,176.438,1,-1,-1,-1
164,184,1742.01,581.79,160.64,206.702,1,-1,-1,-1
164,169,811.104,77.6235,214.642,180.495,1,-1,-1,-1
164,164,1170.22,546.493,226.079,153.697,1,-1,-1,-1
164,162,519.035,146.949,199.388,180.607,1,-1,-1,-1
164,152,1551.49,79.0876,194.586,160.573,1,-1,-1,-1
164,9,1506.68,405.617,186.823,167.375,1,-1,-1,-1
165,184,1757.2,561.388,143.916,213.57,1,-1,-1,-1
165,177,765.273,388.387,254.14,186.042,1,-1,-1,-1
165,169,779.53,127.254,255.722,184.009,1,-1,-1,-1
165,164,1204.42,541.703,209.219,154.33,1,-1,-1,-1
165,162,598.6,81.2255,212.506,183.275,1,-1,-1,-1
165,152,1590.15,64.9193,200.158,158.726,1,-1,-1,-1
165,9,1503.77,394.887,189.668,152.274,1,-1,-1,-1
166,197,711.755,123.802,292.206,290.311,1,-1,-1,-1
166,196,1351.46,32.7013,163.386,150.754,1,-1,-1,-1
166,184,1763.48,542.721,130.012,216.221,1,-1,-1,-1
166,177,825.778,311.816,183.324,159.846,1,-1,-1,-1
166,169,732.683,176.465,229.539,180.825,1,-1,-1,-1
166,164,1244.31,556.296,191.705,150.305,1,-1,-1,-1
166,162,703.21,83.2492,197.839,130.51,1,-1,-1,-1
166,152,1623.42,25.7325,178.927,150.253,1,-1,-1,-1
166,9,1501.07,375.933,190.755,147.674,1,-1,-1,-1
167,197,699.344,221.371,197.299,179.727,1,-1,-1,-1
167,184,1762.68,528.202,129.767,219.834,1,-1,-1,-1
167,169,804.029,106.202,206.557,148.515,1,-1,-1,-1
167,164,1259.45,582.68,158.482,159.617,1,-1,-1,-1
167,152,1651.39,0.90766,146.443,139.742,1,-1,-1,-1
167,149,1187.67,152.361,151.576,127.805,1,-1,-1,-1
167,138,898.735,268.722,227.859,160.706,1,-1,-1,-1
167,9,1498.26,365.799,186.483,146.198,1,-1,-1,-1
168,197,677.474,267.649,189.15,171.531,1,-1,-1,-1
168,184,1759.37,533.236,134.143,203.881,1,-1,-1,-1
168,182,931.303,147.767,204.294,128.409,1,-1,-1,-1
168,164,1206.91,607.668,189.573,160.036,1,-1,-1,-1
168,152,1665.41,0.182593,114.409,121.423,1,-1,-1,-1
168,151,1038.18,0.023339,111.877,56.175,1,-1,-1,-1
168,138,999.871,240.88,233.483,177.727,1,-1,-1,-1
168,9,1496.36,341.9,186.91,156.248,1,-1,-1,-1
169,197,663.177,311.367,211.46,173.936,1,-1,-1,-1
169,184,1759.34,530.332,138.11,191.266,1,-1,-1,-1
169,164,1176.48,621.685,231.406,173.411,1,-1,-1,-1
169,152,1648.98,0.54286,126.48,130.053,1,-1,-1,-1
169,149,1079.12,184.255,190.644,133.232,1,-1,-1,-1
169,138,1033.37,280.975,159.339,153.3,1,-1,-1,-1
169,112,1027.1,0.880849,203.824,159.025,1,-1,-1,-1
169,102,1043.19,186.404,223.878,228.749,1,-1,-1,-1
169,9,1498.86,338.288,186.177,150.244,1,-1,-1,-1
170,198,1203.25,119.24,154.552,197.408,1,-1,-1,-1
170,197,685.502,354.713,176.332,187.462,1,-1,-1,-1
170,184,1759.66,522.875,132.882,185.314,1,-1,-1,-1
170,179,1614.91,22.0026,115.329,139.509,1,-1,-1,-1
170,164,1166.45,664.062,213.933,168.408,1,-1,-1,-1
170,138,996.494,327.032,137.133,138.858,1,-1,-1,-1
170,112,1068.12,72.2222,208.901,159.97,1,-1,-1,-1
170,102,1132,248.87,180.208,139.587,1,-1,-1,-1
170,9,1516.43,335.555,175.368,143.759,1,-1,-1,-1
171,198,1258.83,121.063,150.079,193.755,1,-1,-1,-1
171,197,670.443,403.199,167.844,187.507,1,-1,-1,-1
171,189,1530.94,63.5104,109.195,99.2516,1,-1,-1,-1
171,184,1754.98,516.55,142.291,183.175,1,-1,-1,-1
171,177,929.302,317.963,118.576,108.148,1,-1,-1,-1
171,164,1168.9,718.712,228.075,172.311,1,-1,-1,-1
171,149,1149.63,122.982,160.962,179.574,1,-1,-1,-1
171,138,922.538,307.003,215.832,148.865,1,-1,-1,-1
171,102,1165.86,254.101,145.893,155.155,1,-1,-1,-1
171,9,1523.88,328.986,174.03,149.174,1,-1,-1,-1
172,200,855.447,274.825,119.122,150.005,1,-1,-1,-1
172,199,1348.01,211.517,138.398,205.348,1,-1,-1,-1
172,197,643.516,462.003,201.579,177.256,1,-1,-1,-1
172,196,1417.44,79.7685,111.38,111.633,1,-1,-1,-1
172,184,1753.37,510.671,146.04,186.631,1,-1,-1,-1
172,164,1197.74,793.205,177.47,154.027,1,-1,-1,-1
172,149,1140.58,143.256,197.084,238.76,1,-1,-1,-1
172,102,1139.89,289.988,125.599,94.0254,1,-1,-1,-1
172,9,1530.98,323.342,170.202,153.258,1,-1,-1,-1
173,201,779.481,239.028,112.898,114.104,1,-1,-1,-1
173,197,654.12,513.363,266.576,168.211,1,-1,-1,-1
173,187,1286.67,53.2015,119.755,103.366,1,-1,-1,-1
173,186,92.3181,0.534286,172.889,153.349,1,-1,-1,-1
173,184,1751.03,502.735,150.023,192.795,1,-1,-1,-1
173,164,1227.42,860.89,132.048,169.07,1,-1,-1,-1
173,160,1384.55,385.842,162.866,207.509,1,-1,-1,-1
173,149,1114.01,164.138,250.092,178.621,1,-1,-1,-1
173,118,695.742,229.862,274.446,163.727,1,-1,-1,-1
173,112,1212.79,52.6475,196.458,133.721,1,-1,-1,-1
173,9,1535.89,321.564,169.711,152.864,1,-1,-1,-1
174,203,1080.73,18.7718,151.645,119.516,1,-1,-1,-1
174,202,1092.41,140.798,191.681,129.974,1,-1,-1,-1
174,197,693.587,543.595,269.49,184.216,1,-1,-1,-1
174,184,1752.19,498.254,147.066,196.895,1,-1,-1,-1
174,174,1459.28,540.916,193.806,185.129,1,-1,-1,-1
174,171,222.144,223.814,138.936,210.872,1,-1,-1,-1
174,164,1224.09,929.451,117.669,148.075,1,-1,-1,-1
174,149,1157.92,183.645,183.121,166.524,1,-1,-1,-1
174,144,117.141,210.837,253.37,258.522,1,-1,-1,-1
174,118,670.903,174.554,183.952,185.959,1,-1,-1,-1
174,9,1525.82,335.096,168.457,156.351,1,-1,-1,-1
175,204,1857.1,886.591,61.0463,123.231,1,-1,-1,-1
175,202,1098,92.7467,206.559,140.421,1,-1,-1,-1
175,197,750.647,569.549,261,185.651,1,-1,-1,-1
175,191,826.093,0.877512,181.511,116.761,1,-1,-1,-1
175,190,209.352,545.95,147.749,206.58,1,-1,-1,-1
175,184,1750.55,486.27,144.569,201.158,1,-1,-1,-1
175,164,1205.87,1014.51,118.363,63.3348,1,-1,-1,-1
175,118,686.409,178.692,202.29,171.372,1,-1,-1,-1
175,106,1566.38,659.174,171.703,183.481,1,-1,-1,-1
175,102,1087.95,211.422,193.358,155.749,1,-1,-1,-1
175,9,1529.85,323.713,157.073,170.236,1,-1,-1,-1
176,206,1752.9,850.727,118.953,138.488,1,-1,-1,-1
176,205,151.223,796.849,161.998,164.132,1,-1,-1,-1
176,202,1128.86,83.618,201.51,149.233,1,-1,-1,-1
176,200,796.039,230.402,168.324,177.286,1,-1,-1,-1
176,197,833.249,588.586,215.181,179.704,1,-1,-1,-1
176,184,1749.22,484.498,146.031,196.826,1,-1,-1,-1
176,172,1653.46,746.519,155.293,172.875,1,-1,-1,-1
176,138,980.52,257.059,230.647,175.441,1,-1,-1,-1
176,9,1522.06,321.717,163.724,163.787,1,-1,-1,-1
177,207,101.642,900.703,192.988,162.41,1,-1,-1,-1
177,202,1183.01,87.3792,209.16,150.856,1,-1,-1,-1
177,184,1742.13,478.73,152.255,195.185,1,-1,-1,-1
177,177,873.897,318.926,251.749,198.57,1,-1,-1,-1
177,172,1648.89,789.954,198.034,207.781,1,-1,-1,-1
177,119,943.477,590.68,209.136,187.057,1,-1,-1,-1
177,9,1520.11,319.017,171.03,158.781,1,-1,-1,-1
178,208,1562.19,833.236,123.292,156.966,1,-1,-1,-1
178,207,141.289,938.906,183.505,138.008,1,-1,-1,-1
178,202,1249.6,65.9512,203.365,150.267,1,-1,-1,-1
178,184,1742.62,485.511,157.093,185.965,1,-1,-1,-1
178,177,889.844,412.091,249.064,197.759,1,-1,-1,-1
178,172,1731.53,794.916,172.087,149.95,1,-1,-1,-1
178,165,882.681,399.528,157.385,170.497,1,-1,-1,-1
178,129,1091.99,610.797,179.747,172.91,1,-1,-1,-1
178,9,1524.68,315.147,170.784,160.665,1,-1,-1,-1
179,209,1407.05,799.623,133.954,140.747,1,-1,-1,-1
179,207,212.365,883.913,188.802,153.523,1,-1,-1,-1
179,202,1290.03,22.2896,206.116,159.784,1,-1,-1,-1
179,184,1742.41,489.768,155.709,178.68,1,-1,-1,-1
179,172,1807.98,740.684,109.878,150.522,1,-1,-1,-1
179,165,861.136,450.622,207.256,169.17,1,-1,-1,-1
179,137,1889.45,412.573,28.3024,74.2245,1,-1,-1,-1
179,129,1178.97,623.261,228.828,185.593,1,-1,-1,-1
179,119,999.541,532.893,205.554,150.505,1,-1,-1,-1
179,9,1528.51,309.873,168.383,167.202,1,-1,-1,-1
180,213,1358.57,673.583,148.787,92.5668,1,-1,-1,-1
180,212,1236.86,736.761,155.386,138.178,1,-1,-1,-1
180,211,1308.93,641.627,210.616,142.847,1,-1,-1,-1
180,210,302.062,775.168,220.691,166.876,1,-1,-1,-1
180,202,1321.93,0.162431,181.454,115.249,1,-1,-1,-1
180,184,1737.05,489.559,140.209,176.207,1,-1,-1,-1
180,165,871.781,498.278,172.711,157.228,1,-1,-1,-1
180,137,1876.82,395.095,41.7125,92.0105,1,-1,-1,-1
180,129,1085.64,625.422,189.508,168.978,1,-1,-1,-1
180,9,1536.59,306.518,159.91,171.016,1,-1,-1,-1
181,214,402.536,657.855,212.451,159.228,1,-1,-1,-1
181,202,1341.03,0.109944,108.513,42.8654,1,-1,-1,-1
181,184,1732.89,487.603,155.186,178.169,1,-1,-1,-1
181,165,859.22,566.246,169.386,164.953,1,-1,-1,-1
181,137,1874.08,393.184,44.3783,92.6865,1,-1,-1,-1
181,129,1074.48,686.539,268.927,245.297,1,-1,-1,-1
181,106,1473.43,696.339,182.585,141.316,1,-1,-1,-1
181,9,1533.31,304.712,160.623,169.643,1,-1,-1,-1
182,217,1815.36,389.391,99.8866,57.5704,1,-1,-1,-1
182,216,1676.3,768.184,177.903,125.56,1,-1,-1,-1
182,215,523.628,499.35,192.974,159.647,1,-1,-1,-1
182,197,960.885,868.181,177.667,210.178,1,-1,-1,-1
182,184,1732.31,482.594,152.784,178.564,1,-1,-1,-1
182,165,848.204,634.786,184.917,153.201,1,-1,-1,-1
182,137,1884.37,400.506,33.895,87.0494,1,-1,-1,-1
182,129,1086.56,757.151,201.541,214.576,1,-1,-1,-1
182,9,1529.35,302.309,164.154,170.947,1,-1,-1,-1
183,218,623.785,321.657,194.26,162.12,1,-1,-1,-1
183,206,1759.88,764.873,140.69,211.539,1,-1,-1,-1
183,205,129.546,848.485,164.131,201.795,1,-1,-1,-1
183,184,1729.76,479.014,156.776,175.864,1,-1,-1,-1
183,165,881.814,660.166,180.055,154.829,1,-1,-1,-1
183,137,1879.28,384.703,39.0573,121.575,1,-1,-1,-1
183,129,1075.99,882.819,198.187,190.231,1,-1,-1,-1
183,9,1527.44,301.508,167.435,170.898,1,-1,-1,-1
184,220,63.9353,536.02,115.489,107.822,1,-1,-1,-1
184,219,7.81097,530.183,175.335,169.9,1,-1,-1,-1
184,206,1735.11,758.523,166.716,211.628,1,-1,-1,-1
184,184,1729.61,476.056,154.959,171.632,1,-1,-1,-1
184,165,870.267,667.62,131.218,146.567,1,-1,-1,-1
184,137,1856.41,344.155,61.1692,147.213,1,-1,-1,-1
184,129,1073.57,973.971,202.459,103.661,1,-1,-1,-1
184,118,698.072,127.68,220.392,171.744,1,-1,-1,-1
184,9,1526.8,300.97,168.76,169.577,1,-1,-1,-1
185,221,793.236,611.031,137.303,148.757,1,-1,-1,-1
185,206,1740.63,748.85,153.316,217.775,1,-1,-1,-1
185,205,129.363,845.959,166.654,209.332,1,-1,-1,-1
185,191,794.914,0.247862,226.857,118.411,1,-1,-1,-1
185,190,175.303,622.416,179.61,161.883,1,-1,-1,-1
185,184,1729.23,470.257,156.912,175.759,1,-1,-1,-1
185,164,1173.53,1024.01,131.147,53.806,1,-1,-1,-1
185,137,1856.1,344.634,61.6786,136.417,1,-1,-1,-1
185,9,1523.58,299.137,172.869,163.423,1,-1,-1,-1
186,222,670.527,520.6,143.675,132.633,1,-1,-1,-1
186,217,1876.83,395.844,41.1646,93.6614,1,-1,-1,-1
186,214,319.746,685.525,234.369,182.549,1,-1,-1,-1
186,206,1739.65,760.179,146.128,197.679,1,-1,-1,-1
186,205,124.872,849.052,169.367,209.901,1,-1,-1,-1
186,184,1728.77,467.157,157.649,178.49,1,-1,-1,-1
186,170,1724.46,347.032,193.894,139.777,1,-1,-1,-1
186,164,1197.69,998.251,188.487,79.8097,1,-1,-1,-1
186,137,1855.07,346.325,62.2732,139.429,1,-1,-1,-1
186,9,1524.56,299.6,172.552,159.333,1,-1,-1,-1
187,224,565.306,768.086,132.128,97.0029,1,-1,-1,-1
187,223,554.987,373.273,123.584,146.615,1,-1,-1,-1
187,207,503.884,758.943,212.233,152.103,1,-1,-1,-1
187,206,1723.99,738.878,164.876,214.525,1,-1,-1,-1
187,205,123.576,849.809,165.652,206.42,1,-1,-1,-1
187,184,1723.72,465.442,156.46,182.582,1,-1,-1,-1
187,164,1243.58,941.34,263.742,136.222,1,-1,-1,-1
187,160,1382.58,314.619,311.632,209.877,1,-1,-1,-1
187,137,1854.42,359.583,63.064,124.138,1,-1,-1,-1
187,9,1540.25,313.296,150.782,83.0138,1,-1,-1,-1
188,226,737.566,815.342,156.237,168.813,1,-1,-1,-1
188,225,1391.75,922.334,179.933,130.322,1,-1,-1,-1
188,206,1737.14,737.631,156.396,223.861,1,-1,-1,-1
188,205,134.543,854.4,155.151,128.205,1,-1,-1,-1
188,184,1722.34,472.444,184.758,174.093,1,-1,-1,-1
188,171,304.102,200.016,251.574,151.737,1,-1,-1,-1
188,164,1253.25,929.023,154.204,148.909,1,-1,-1,-1
188,137,1854.81,372.646,62.91,121.049,1,-1,-1,-1
188,119,1114.55,338.275,253.485,158.013,1,-1,-1,-1
188,9,1518.93,317.979,176.436,146.496,1,-1,-1,-1
189,227,259.806,2.14355,114.524,126.2,1,-1,-1,-1
189,225,1480.98,924.892,173.875,131.659,1,-1,-1,-1
189,206,1743.85,753.292,147.97,226.728,1,-1,-1,-1
189,205,125.713,878.275,160.349,181.12,1,-1,-1,-1
189,197,913.664,881.554,163.519,174.362,1,-1,-1,-1
189,186,154.751,1.17252,282.77,153.993,1,-1,-1,-1
189,184,1723.84,479.161,166.345,178.349,1,-1,-1,-1
189,164,1260.24,874.446,182.567,162.566,1,-1,-1,-1
189,138,891.285,265.507,206.805,162.611,1,-1,-1,-1
189,137,1854.4,380.628,63.1384,117.429,1,-1,-1,-1
189,9,1524.22,320.939,176.834,154.386,1,-1,-1,-1
190,225,1568.87,919.446,175.894,151.358,1,-1,-1,-1
190,206,1744.94,788.833,142.571,225.607,1,-1,-1,-1
190,200,555.625,195.676,264.391,167.209,1,-1,-1,-1
190,184,1721.42,521.615,172.128,171.098,1,-1,-1,-1
190,164,1271.73,850.89,207.417,151.673,1,-1,-1,-1
190,137,1852.42,428.222,65.6025,120.479,1,-1,-1,-1
190,129,1055.32,977.905,162.839,100.266,1,-1,-1,-1
190,9,1527.15,345.859,175.726,178.141,1,-1,-1,-1
191,228,236.912,93.256,252.904,138.792,1,-1,-1,-1
191,209,1321.14,792.29,205.822,151.245,1,-1,-1,-1
191,206,1653.89,794.184,222.497,257.969,1,-1,-1,-1
191,184,1720.79,532.543,175.897,162.398,1,-1,-1,-1
191,137,1853.05,447.719,64.9021,112.06,1,-1,-1,-1
191,9,1526.28,359.188,181.456,176.474,1,-1,-1,-1
192,230,1891.07,1025.59,27.203,52.51,1,-1,-1,-1
192,229,0.417893,0.454201,101.662,102.177,1,-1,-1,-1
192,216,1749.69,809.4,118.517,137.716,1,-1,-1,-1
192,206,1702.03,877.95,176.415,192.349,1,-1,-1,-1
192,184,1718.45,545.545,176.727,163.966,1,-1,-1,-1
192,137,1848.31,470.01,69.6908,99.1609,1,-1,-1,-1
192,106,1376.43,728.489,175.179,166.771,1,-1,-1,-1
192,102,1024.17,0,128.857,77.2586,1,-1,-1,-1
192,9,1528.92,375.15,181.752,171.809,1,-1,-1,-1
193,231,924.802,10.6164,204.291,179.644,1,-1,-1,-1
193,225,1739.84,952.976,166.826,124.307,1,-1,-1,-1
193,216,1736.38,825.998,131.506,178.599,1,-1,-1,-1
193,184,1716.57,559.458,179.686,159.858,1,-1,-1,-1
193,137,1846.42,484.24,71.6143,101.857,1,-1,-1,-1
193,106,1408.17,678.617,196.834,164.514,1,-1,-1,-1
193,9,1528.99,387.452,177.729,168.796,1,-1,-1,-1
194,232,1529.97,431.473,67.0958,57.9684,1,-1,-1,-1
194,225,1806.99,1001.41,111.112,76.6279,1,-1,-1,-1
194,216,1729.03,837.804,146.152,205.634,1,-1,-1,-1
194,184,1716.26,571.378,186.69,158.417,1,-1,-1,-1
194,162,888.167,86.2075,188.406,149.769,1,-1,-1,-1
194,137,1847.81,494.716,70.323,102.662,1,-1,-1,-1
194,106,1458.78,645.731,192.93,159.761,1,-1,-1,-1
194,9,1531.19,400.552,173.399,162.134,1,-1,-1,-1
195,233,763.627,0.182255,114.961,43.9924,1,-1,-1,-1
195,216,1723.77,843.428,156.413,212.7,1,-1,-1,-1
195,184,1717.98,582.292,188.855,155.488,1,-1,-1,-1
195,169,781.031,151.605,196.467,149.537,1,-1,-1,-1
195,137,1850.75,505.527,67.5438,105.887,1,-1,-1,-1
195,106,1472.67,634.562,200.959,158.989,1,-1,-1,-1
195,9,1529.61,409.876,174.659,162.987,1,-1,-1,-1
196,233,743.363,0,124.306,86.401,1,-1,-1,-1
196,218,620.766,254.504,227.269,152.354,1,-1,-1,-1
196,216,1720.27,847.296,153.992,217.627,1,-1,-1,-1
196,184,1717.26,591.068,186.976,155.065,1,-1,-1,-1
196,137,1853.25,512.74,64.7596,114.37,1,-1,-1,-1
196,106,1482.1,644.324,192.391,140.221,1,-1,-1,-1
196,9,1526.53,420.394,172.919,162.581,1,-1,-1,-1
197,233,699.103,0.12887,154.616,116.835,1,-1,-1,-1
197,223,534.945,335.731,208.629,189.68,1,-1,-1,-1
197,216,1720.86,849.865,152.396,222.866,1,-1,-1,-1
197,184,1713.82,597.895,190.599,157.012,1,-1,-1,-1
197,137,1852.5,523.765,65.3563,104.718,1,-1,-1,-1
197,106,1520.09,658.241,201.099,129.516,1,-1,-1,-1
197,9,1523.5,427.59,175.7,166.068,1,-1,-1,-1
198,233,665.585,0.414284,158.846,130.113,1,-1,-1,-1
198,216,1717.35,863.232,151.891,212.391,1,-1,-1,-1
198,215,493.725,464.934,186.231,171.674,1,-1,-1,-1
198,184,1732.97,603.788,174.506,156.161,1,-1,-1,-1
198,137,1856.32,533.114,61.7866,95.653,1,-1,-1,-1
198,106,1578.03,654.734,177.438,138.896,1,-1,-1,-1
198,9,1523.82,436.402,173.968,165.593,1,-1,-1,-1
199,234,477.612,601.361,190.328,144.428,1,-1,-1,-1
199,233,650.506,0.239581,153.066,117.1,1,-1,-1,-1
199,216,1718.84,864.353,146.464,213.995,1,-1,-1,-1
199,184,1736.07,605.427,178.402,156.76,1,-1,-1,-1
199,137,1861.01,541.914,57.6382,95.2455,1,-1,-1,-1
199,106,1608.47,648.728,146.85,163.071,1,-1,-1,-1
199,9,1521.4,437.584,174.433,171.179,1,-1,-1,-1
200,233,632.278,0,149.951,95.0842,1,-1,-1,-1
200,224,502.951,693.138,194.429,149.489,1,-1,-1,-1
200,216,1724.31,882.506,139.518,196.072,1,-1,-1,-1
200,184,1728.5,612.537,185.722,150.37,1,-1,-1,-1
200,137,1863.59,552.174,54.8887,98.0826,1,-1,-1,-1
200,106,1596.25,648.833,151.708,170.286,1,-1,-1,-1
200,9,1519.63,443.719,170.871,171.103,1,-1,-1,-1
201,233,637.509,0,134.219,83.451,1,-1,-1,-1
201,224,558.982,761.692,196.083,151.709,1,-1,-1,-1
201,216,1729.68,893.265,136.888,185.103,1,-1,-1,-1
201,184,1732.93,618.088,181.5,144.429,1,-1,-1,-1
201,137,1870.58,559.158,47.7485,106.414,1,-1,-1,-1
201,106,1550.64,635.659,154.693,169.562,1,-1,-1,-1
201,9,1518.59,452.862,170.85,166.2,1,-1,-1,-1
202,233,667.942,0,150.815,78.7629,1,-1,-1,-1
202,226,634.558,807.394,181.2,127.499,1,-1,-1,-1
202,216,1693.2,911.047,166.154,167.295,1,-1,-1,-1
202,184,1728.14,624.972,184.246,141.37,1,-1,-1,-1
202,137,1874.97,566.735,43.2975,94.0496,1,-1,-1,-1
202,106,1511.12,610.241,174.058,164.333,1,-1,-1,-1
202,9,1513.5,459.976,169.612,166.72,1,-1,-1,-1
203,235,1893.29,601.193,24.6704,67.2948,1,-1,-1,-1
203,233,712.687,0,173.53,77.7129,1,-1,-1,-1
203,226,689.359,829.159,158.582,128.614,1,-1,-1,-1
203,216,1707.33,923.066,150.331,155.113,1,-1,-1,-1
203,184,1726.42,627.996,183.858,142.423,1,-1,-1,-1
203,137,1883.91,573.95,33.9785,91.5037,1,-1,-1,-1
203,106,1496.56,586.674,167.703,165.42,1,-1,-1,-1
203,9,1507.88,461.059,170.402,167.133,1,-1,-1,-1
204,236,1897.77,835.102,20.8834,80.7891,1,-1,-1,-1
204,226,679.939,887.055,153.042,133.809,1,-1,-1,-1
204,216,1713.32,919.208,133.858,158.604,1,-1,-1,-1
204,191,771.905,0.041271,190.405,115.803,1,-1,-1,-1
204,184,1739.53,632.461,176.675,140.263,1,-1,-1,-1
204,106,1434.71,458.193,244.207,268.455,1,-1,-1,-1
204,102,1065.42,0.232016,81.2096,65.3174,1,-1,-1,-1
204,9,1519.58,457.071,156.419,148.623,1,-1,-1,-1
205,237,638.321,960.553,159.715,116.145,1,-1,-1,-1
205,236,1894.82,847.247,23.8322,93.0376,1,-1,-1,-1
205,231,826.316,14.2659,259.618,189.237,1,-1,-1,-1
205,216,1712.5,937.627,138.597,140.47,1,-1,-1,-1
205,184,1740.51,638.43,177.323,130.15,1,-1,-1,-1
205,106,1404.25,469.807,268.284,200.036,1,-1,-1,-1
206,238,611.491,0.281941,108.444,45.6161,1,-1,-1,-1
206,236,1890.04,850.901,28.6062,134.827,1,-1,-1,-1
206,216,1717.77,941.696,123.856,136.587,1,-1,-1,-1
206,184,1745.6,648.168,172.171,126.28,1,-1,-1,-1
206,169,743.256,155.414,215.235,176.35,1,-1,-1,-1
206,162,925.922,153.424,164.333,156.603,1,-1,-1,-1
206,106,1397.76,493.216,162.802,153.775,1,-1,-1,-1
206,9,1507.83,478.34,163.444,173.213,1,-1,-1,-1
207,240,556.667,0.269841,182.453,131.981,1,-1,-1,-1
207,239,958.306,268.519,168.857,168.757,1,-1,-1,-1
207,236,1885.01,847.407,33.6178,137.074,1,-1,-1,-1
207,216,1718.83,955.044,103.637,123.546,1,-1,-1,-1
207,184,1749.52,657.144,168.625,123.843,1,-1,-1,-1
207,138,640.836,268.46,231.441,193.777,1,-1,-1,-1
207,9,1433.32,483.922,238.524,178.444,1,-1,-1,-1
208,241,0.39164,250.113,116.384,155.34,1,-1,-1,-1
208,240,510.146,23.3198,215.57,169.353,1,-1,-1,-1
208,236,1868.83,850.041,49.5526,125.239,1,-1,-1,-1
208,223,558.808,396.001,224.999,189.477,1,-1,-1,-1
208,216,1715.61,969.896,125.045,108.356,1,-1,-1,-1
208,184,1758.12,672.528,159.952,117.23,1,-1,-1,-1
208,177,973.089,404.75,170.551,161.462,1,-1,-1,-1
208,9,1484.86,499.458,216.121,178.112,1,-1,-1,-1
209,243,77.2676,251.557,245.514,185.845,1,-1,-1,-1
209,242,948.142,517.433,200.152,172.379,1,-1,-1,-1
209,240,479.087,61.4501,220.735,178.408,1,-1,-1,-1
209,236,1873.99,858.134,44.3157,113.132,1,-1,-1,-1
209,234,504.349,531.249,203.01,190.493,1,-1,-1,-1
209,216,1714.85,980.802,126.628,97.2003,1,-1,-1,-1
209,184,1769.69,680.491,148.344,118.618,1,-1,-1,-1
209,9,1503.66,504.668,266.991,180.946,1,-1,-1,-1
210,246,298.92,355.196,229.281,141.93,1,-1,-1,-1
210,245,937.601,630.8,200.434,171.168,1,-1,-1,-1
210,244,1654.4,521.805,205,143.982,1,-1,-1,-1
210,240,449.66,109.838,209.589,176.088,1,-1,-1,-1
210,236,1875.72,868.606,42.7832,102.434,1,-1,-1,-1
210,224,490.929,708.253,186.49,147.447,1,-1,-1,-1
210,216,1714.63,993.614,100.187,84.3066,1,-1,-1,-1
210,184,1780.99,689.445,137.191,113.375,1,-1,-1,-1
210,9,1502.83,515.172,168.906,178.573,1,-1,-1,-1
211,247,548.24,838.665,140.335,186.233,1,-1,-1,-1
211,245,910.808,724.997,215.65,173.94,1,-1,-1,-1
211,244,1751.97,525.972,166.072,140.151,1,-1,-1,-1
211,240,419.645,163.372,204.292,170.707,1,-1,-1,-1
211,236,1870.05,858.982,48.5541,91.2046,1,-1,-1,-1
211,223,494.599,408.645,236.462,177.412,1,-1,-1,-1
211,216,1708.65,1005.42,90.7938,72.6871,1,-1,-1,-1
211,184,1788.56,701.078,130.09,105.347,1,-1,-1,-1
211,9,1496.67,520.483,171.641,184.54,1,-1,-1,-1
212,248,512.567,985.58,197.828,93.0699,1,-1,-1,-1
212,245,909.145,805.142,229.456,168.652,1,-1,-1,-1
212,244,1806.47,544.197,112.182,117.119,1,-1,-1,-1
212,243,2.38958,335.444,269.027,121.362,1,-1,-1,-1
212,240,408.232,170.98,207.37,178.699,1,-1,-1,-1
212,237,620.38,987.96,90.6398,90.2518,1,-1,-1,-1
212,236,1880.3,868.442,38.181,90.4571,1,-1,-1,-1
212,222,705.1,529.427,210.668,166.982,1,-1,-1,-1
212,216,1706.22,1009.36,94.4152,68.8599,1,-1,-1,-1
212,184,1799.94,704.982,118.641,107.839,1,-1,-1,-1
212,9,1497.95,522.725,173.278,188.605,1,-1,-1,-1
213,246,287.552,300.408,265.129,150.652,1,-1,-1,-1
213,245,939.616,898.609,199.88,143.04,1,-1,-1,-1
213,244,1698.19,535.571,197.835,132.218,1,-1,-1,-1
213,240,429.78,167.054,211.842,176.865,1,-1,-1,-1
213,236,1877.06,855.596,41.3848,111.102,1,-1,-1,-1
213,221,854.818,621.943,210.997,185.246,1,-1,-1,-1
213,216,1705.41,1020.93,91.2977,57.2545,1,-1,-1,-1
213,184,1808.85,707.234,109.676,107.654,1,-1,-1,-1
213,129,950.558,946.806,113.645,91.7947,1,-1,-1,-1
213,9,1496.55,524.362,167.503,189.668,1,-1,-1,-1
214,252,1492.82,518.248,282.341,231.393,1,-1,-1,-1
214,251,1032.7,704.362,172.361,118.604,1,-1,-1,-1
214,250,1598.41,612.337,182.264,130.2,1,-1,-1,-1
214,249,988.719,712.933,209.947,177.969,1,-1,-1,-1
214,245,1003.16,955.561,181.257,122.74,1,-1,-1,-1
214,240,472.064,157.369,232.936,159.621,1,-1,-1,-1
214,236,1872.84,851.675,45.6302,112.863,1,-1,-1,-1
214,227,196.906,0,181.45,102.156,1,-1,-1,-1
214,218,596.467,283.194,136.669,94.1078,1,-1,-1,-1
214,216,1705.08,1000.01,91.4431,77.8875,1,-1,-1,-1
214,184,1818.26,714.651,99.6235,105.39,1,-1,-1,-1
214,138,571.895,280.958,178.987,154.435,1,-1,-1,-1
214,9,1506.29,525.953,158.965,194.336,1,-1,-1,-1
215,254,1088.29,752.67,246.498,295.838,1,-1,-1,-1
215,253,1491.45,734.2,158.06,152.933,1,-1,-1,-1
215,245,1049.97,932.194,221.428,146.456,1,-1,-1,-1
215,236,1870.51,854.42,47.8553,101.274,1,-1,-1,-1
215,228,234.281,41.719,228.013,225.388,1,-1,-1,-1
215,216,1705.03,999.332,91.3618,78.5292,1,-1,-1,-1
215,209,1113.48,763.898,213.044,170.78,1,-1,-1,-1
215,184,1834.99,718.01,82.8583,105.264,1,-1,-1,-1
215,171,533.782,104.392,229.99,166.732,1,-1,-1,-1
215,169,789.006,262.59,189.035,159.163,1,-1,-1,-1
215,9,1506.01,529.389,165.247,192.005,1,-1,-1,-1
216,246,325.322,232.057,225.695,194.872,1,-1,-1,-1
216,245,1101.95,1018.95,209.851,59.6943,1,-1,-1,-1
216,239,936.428,254.938,224.239,151.205,1,-1,-1,-1
216,236,1868.02,846.675,50.2694,109.154,1,-1,-1,-1
216,223,566.098,372.756,215.925,144.398,1,-1,-1,-1
216,216,1700.03,999.015,91.7856,79.0019,1,-1,-1,-1
216,209,1141.86,771.158,302.381,171.779,1,-1,-1,-1
216,184,1842.71,723.489,75.417,100.619,1,-1,-1,-1
216,171,625.748,50.6597,204.68,182.809,1,-1,-1,-1
216,164,1384.76,849.858,158.911,135.429,1,-1,-1,-1
216,138,592.235,379.251,158.422,88.4044,1,-1,-1,-1
216,9,1505.7,531.295,168.438,189.158,1,-1,-1,-1
217,259,217.188,408.778,413.052,175.433,1,-1,-1,-1
217,258,213.597,429.835,230.019,151.671,1,-1,-1,-1
217,257,1274.42,950.496,164.59,128.142,1,-1,-1,-1
217,256,1228.14,613.36,215.64,162.686,1,-1,-1,-1
217,255,1104.23,236.815,236.381,159.706,1,-1,-1,-1
217,236,1863.03,843.262,55.33,122.601,1,-1,-1,-1
217,231,700.346,21.6511,205.021,178.601,1,-1,-1,-1
217,216,1697.51,1017.89,95.455,60.3478,1,-1,-1,-1
217,215,426.948,409.5,199.659,169.436,1,-1,-1,-1
217,184,1857.65,729.098,60.5281,103.565,1,-1,-1,-1
217,164,1315.74,793.904,202.101,159.615,1,-1,-1,-1
217,9,1507.3,532.068,165.844,185.536,1,-1,-1,-1
218,264,1502.93,898.05,87.229,72.3386,1,-1,-1,-1
218,263,0,507.56,303.609,218.005,1,-1,-1,-1
218,262,1860.09,721.176,57.588,241.703,1,-1,-1,-1
218,261,1.11691,520.002,214.184,137.077,1,-1,-1,-1
218,260,1279.02,202.464,224.025,186.288,1,-1,-1,-1
218,257,1262.88,1005.12,162.682,72.8682,1,-1,-1,-1
218,252,1336.79,510.913,334.934,209.29,1,-1,-1,-1
218,236,1863.43,834.643,54.9235,126.183,1,-1,-1,-1
218,234,512.303,515.592,200.457,165.494,1,-1,-1,-1
218,216,1696.14,1015.22,98.2041,62.9731,1,-1,-1,-1
218,191,759.127,0.055201,201.02,168.792,1,-1,-1,-1
218,184,1868.98,730.421,49.5305,100.385,1,-1,-1,-1
218,164,1426.66,802.83,189.661,161.236,1,-1,-1,-1
218,106,1337.7,526.886,224.499,136.147,1,-1,-1,-1
218,9,1514.12,524.077,158.218,184.956,1,-1,-1,-1
219,270,1491.05,227.888,134.829,92.7313,1,-1,-1,-1
219,269,593.552,650.106,119.526,107.069,1,-1,-1,-1
219,268,681.537,623.59,90.3618,81.0693,1,-1,-1,-1
219,267,252.076,591.934,173.781,147.839,1,-1,-1,-1
219,266,1460.36,219.426,173.481,163.549,1,-1,-1,-1
219,265,586.027,622.123,184.851,140.281,1,-1,-1,-1
219,257,1327.04,965.835,134.224,111.798,1,-1,-1,-1
219,253,1527.51,790.713,199.09,165.754,1,-1,-1,-1
219,236,1864.82,815.767,53.7432,138.732,1,-1,-1,-1
219,216,1698,1011.53,99.2389,66.4407,1,-1,-1,-1
219,191,815.056,0.304948,170.158,118.464,1,-1,-1,-1
219,9,1487.84,489.814,190.042,218.517,1,-1,-1,-1
220,273,1511.27,550.904,81.3694,73.1876,1,-1,-1,-1
220,272,921.335,0,70.6593,62.6846,1,-1,-1,-1
220,271,1608.69,213.591,153.63,165.229,1,-1,-1,-1
220,265,647.145,663.264,205.894,158.537,1,-1,-1,-1
220,257,1326.51,946.833,157.175,131.216,1,-1,-1,-1
220,253,1619.4,744.067,184.621,174.721,1,-1,-1,-1
220,250,1597.45,578.36,194.982,160.569,1,-1,-1,-1
220,236,1864.8,787.487,53.4873,157.536,1,-1,-1,-1
220,234,526.716,440.705,208.045,177.263,1,-1,-1,-1
220,216,1698.59,1022.15,88.2772,56.113,1,-1,-1,-1
220,191,852.633,0,139.354,65.1828,1,-1,-1,-1
220,9,1511.19,508.744,167.389,193.383,1,-1,-1,-1
221,275,1693.67,641.077,187.363,229.958,1,-1,-1,-1
221,274,1710.59,201.206,150.309,189.83,1,-1,-1,-1
221,265,712.956,686.826,203.549,158.024,1,-1,-1,-1
221,257,1325.52,929.805,162.586,148.179,1,-1,-1,-1
221,236,1859.34,810.978,58.9788,133.101,1,-1,-1,-1
221,216,1696.32,1019.48,88.6486,58.9251,1,-1,-1,-1
221,9,1510.94,502.245,173.238,210.445,1,-1,-1,-1
222,275,1770.77,656.368,147.164,225.784,1,-1,-1,-1
222,274,1786.62,237.092,115.025,158.962,1,-1,-1,-1
222,265,782.036,683.544,216.757,150.574,1,-1,-1,-1
222,257,1305.01,898.701,188.146,169.665,1,-1,-1,-1
222,236,1855.24,810.978,62.9648,132.607,1,-1,-1,-1
222,216,1695.78,1036.17,91.2766,42.114,1,-1,-1,-1
222,9,1508.7,502.472,178.832,188.324,1,-1,-1,-1
223,274,1731.72,267.242,179.541,165.288,1,-1,-1,-1
223,262,1845.9,684.336,72.4998,260.082,1,-1,-1,-1
223,257,1324.8,877.287,200.065,164.708,1,-1,-1,-1
223,221,872.11,640.848,227.409,162.157,1,-1,-1,-1
223,216,1692.33,1017.33,104.531,61.1946,1,-1,-1,-1
223,9,1524.68,500.833,169.269,195.003,1,-1,-1,-1
224,276,2.4353,0.283942,196.23,73.0144,1,-1,-1,-1
224,274,1654.71,288.066,243.775,163.999,1,-1,-1,-1
224,257,1341.08,853.875,203.379,161.781,1,-1,-1,-1
224,242,980.303,580.545,231.256,166.744,1,-1,-1,-1
224,236,1861.58,791.675,57.0668,152.09,1,-1,-1,-1
224,216,1686.74,1012.56,111.229,65.8959,1,-1,-1,-1
224,9,1528.72,497.665,167.439,194.646,1,-1,-1,-1
225,274,1597.93,313.276,211.813,156.657,1,-1,-1,-1
225,257,1362.58,816.384,209.071,179.506,1,-1,-1,-1
225,252,1080.52,493.788,213.884,181.144,1,-1,-1,-1
225,236,1859.5,813.195,59.1508,133.958,1,-1,-1,-1
225,227,172.46,0.688544,245.446,145.519,1,-1,-1,-1
225,216,1688,1011.09,109.68,67.1686,1,-1,-1,-1
225,9,1530.78,501.729,167.033,191.89,1,-1,-1,-1
226,277,1151.24,392.606,228.243,190.676,1,-1,-1,-1
226,274,1579.55,325.122,180.118,201.23,1,-1,-1,-1
226,257,1378.24,804.267,198.74,174.218,1,-1,-1,-1
226,246,366.962,51.7132,249.562,180.494,1,-1,-1,-1
226,236,1853.63,812.365,64.4907,141.389,1,-1,-1,-1
226,216,1682.88,1008.24,107.186,69.903,1,-1,-1,-1
226,9,1532.38,509.898,165.388,181.005,1,-1,-1,-1
227,274,1531.1,373.087,245.788,316.588,1,-1,-1,-1
227,257,1362.19,800.758,201.128,173.428,1,-1,-1,-1
227,255,1206.52,261.522,202.869,203.782,1,-1,-1,-1
227,236,1852.02,809.252,66.0703,141.895,1,-1,-1,-1
227,231,554.273,134.472,234.762,158.87,1,-1,-1,-1
227,216,1679.44,1000.16,110.989,77.8402,1,-1,-1,-1
228,279,829.373,218.723,103.184,95.0466,1,-1,-1,-1
228,278,1676.88,437.552,185.979,133.709,1,-1,-1,-1
228,274,1529.07,439.749,338.422,247.201,1,-1,-1,-1
228,260,1266.33,147.326,201.536,187.808,1,-1,-1,-1
228,257,1314.69,809.711,222.733,170.614,1,-1,-1,-1
228,236,1848.54,802.597,69.7261,139.161,1,-1,-1,-1
228,223,775.566,217.757,164.45,148.719,1,-1,-1,-1
228,216,1673.73,998.334,118.17,79.721,1,-1,-1,-1
228,9,1527.63,509.178,178.631,176.168,1,-1,-1,-1
229,280,1329.2,56.6437,203.988,176.147,1,-1,-1,-1
229,278,1731.98,455.144,147.401,131.585,1,-1,-1,-1
229,257,1268.49,826.2,199.144,174.134,1,-1,-1,-1
229,236,1847.7,804.714,70.4901,122.925,1,-1,-1,-1
229,216,1656.25,994.247,107.374,83.91,1,-1,-1,-1
229,162,904.248,307.746,150.598,173.598,1,-1,-1,-1
229,9,1519.04,498.749,174.208,184.446,1,-1,-1,-1
230,280,1402.06,44.7937,206.458,161.644,1,-1,-1,-1
230,278,1802.06,438.336,115.099,139.161,1,-1,-1,-1
230,257,1219.21,831.547,227.355,190.202,1,-1,-1,-1
230,236,1880.42,803.773,37.589,109.81,1,-1,-1,-1
230,216,1659.76,993.806,97.4104,84.3396,1,-1,-1,-1
230,177,973.494,438.951,145.325,168.071,1,-1,-1,-1
230,9,1514.46,487.208,177.654,196.536,1,-1,-1,-1
231,280,1489.98,113.43,205.748,149.712,1,-1,-1,-1
231,278,1815.59,428.373,102.687,146.442,1,-1,-1,-1
231,257,1170.58,857.451,210.01,170.344,1,-1,-1,-1
231,242,996.58,553.151,134.775,164.518,1,-1,-1,-1
231,236,1893.74,816.893,24.5194,74.9592,1,-1,-1,-1
231,216,1650.36,1001.52,104.649,76.4668,1,-1,-1,-1
231,9,1512.66,483.919,180.38,189.989,1,-1,-1,-1
232,278,1849.59,444.087,68.5492,120.126,1,-1,-1,-1
232,271,1588.3,176.396,195.681,161.046,1,-1,-1,-1
232,254,1094.54,868.77,277.615,167.261,1,-1,-1,-1
232,221,967.148,634.954,174.167,182.28,1,-1,-1,-1
232,216,1648.64,1001.89,103.339,76.1133,1,-1,-1,-1
232,191,860.69,2.46125,255.362,179.033,1,-1,-1,-1
232,9,1507.85,473.836,183.836,195.834,1,-1,-1,-1
233,271,1646.66,236.285,196.307,157.301,1,-1,-1,-1
233,254,1017.48,875.052,277.91,165.396,1,-1,-1,-1
233,249,908.574,714.904,186.198,175.017,1,-1,-1,-1
233,216,1644.73,1000.7,105.357,77.1337,1,-1,-1,-1
233,9,1504.35,468.128,190.777,198.552,1,-1,-1,-1
234,271,1661.89,277.248,241.372,150.624,1,-1,-1,-1
234,254,961.322,855.519,252.394,178.607,1,-1,-1,-1
234,249,796.927,762.447,238.385,181.798,1,-1,-1,-1
234,216,1636.46,998.491,109.102,79.3931,1,-1,-1,-1
234,9,1506.11,469.576,196.415,185.23,1,-1,-1,-1
235,271,1745.79,287.568,164.64,172.011,1,-1,-1,-1
235,254,923.106,831.662,221.275,166.941,1,-1,-1,-1
235,249,757.916,793.332,205.955,192.933,1,-1,-1,-1
235,216,1628.72,993.782,105.485,84.1039,1,-1,-1,-1
235,9,1514.09,458.864,190.365,185.22,1,-1,-1,-1
236,271,1704.41,296.806,153.522,154.743,1,-1,-1,-1
236,254,742.041,806.9,349.085,232.038,1,-1,-1,-1
236,249,827.561,812.056,213.537,156.778,1,-1,-1,-1
236,216,1626.81,988.143,104.584,89.8555,1,-1,-1,-1
236,129,743.977,848.924,212.067,190.093,1,-1,-1,-1
236,9,1523.17,455.392,182.662,179.776,1,-1,-1,-1
237,271,1579.79,289.515,229.607,140.64,1,-1,-1,-1
237,249,811.826,766.745,189.753,155.843,1,-1,-1,-1
237,216,1624,984.851,111.308,93.493,1,-1,-1,-1
237,129,784.621,873.029,224.555,188.428,1,-1,-1,-1
237,9,1529.25,448.969,201.722,175.859,1,-1,-1,-1
238,266,1518.3,249.878,199.931,151.097,1,-1,-1,-1
238,254,883.289,890.489,205.243,152.395,1,-1,-1,-1
238,249,774.01,728.438,202.397,170.961,1,-1,-1,-1
238,216,1622.09,998.226,113.312,80.061,1,-1,-1,-1
238,9,1534.31,445.196,198.795,170.192,1,-1,-1,-1
239,270,1459.91,214.922,202.51,142.862,1,-1,-1,-1
239,249,758.365,698.245,201.804,160.811,1,-1,-1,-1
239,216,1612.38,954.208,125.567,124.208,1,-1,-1,-1
239,209,1011.3,850.08,200.817,159.674,1,-1,-1,-1
239,9,1533.7,442.663,197.028,167.222,1,-1,-1,-1
240,270,1428.79,176.073,185.659,132.187,1,-1,-1,-1
240,257,1125.57,775.12,243.174,162.488,1,-1,-1,-1
240,249,753.269,654.411,193.45,165.356,1,-1,-1,-1
240,216,1609.46,962.563,119.418,115.269,1,-1,-1,-1
240,9,1529.97,438.649,196.479,167.734,1,-1,-1,-1
241,270,1349.41,159.589,210.697,129.54,1,-1,-1,-1
241,256,1283.04,690.337,220.394,153.52,1,-1,-1,-1
241,249,746.08,611.902,213.278,164.619,1,-1,-1,-1
241,216,1606.62,961.823,123.576,115.765,1,-1,-1,-1
241,9,1528.83,432.405,191.424,168.042,1,-1,-1,-1
242,274,1469.04,433.14,249.463,304.163,1,-1,-1,-1
242,260,1261.18,150.619,228.584,128.296,1,-1,-1,-1
242,244,1468.39,584.213,205.816,154.016,1,-1,-1,-1
242,222,745.451,570.617,236.648,161.44,1,-1,-1,-1
242,216,1606.55,959.656,123.168,118.028,1,-1,-1,-1
242,9,1528.87,432.439,187.002,161.602,1,-1,-1,-1
243,274,1527.66,421.243,283.579,253.151,1,-1,-1,-1
243,260,1179.17,159.386,222.286,123.993,1,-1,-1,-1
243,250,1579.47,538.937,230.082,137.674,1,-1,-1,-1
243,222,757.465,510.896,238.511,172.804,1,-1,-1,-1
243,216,1602.87,955.54,131.831,122.57,1,-1,-1,-1
243,9,1533,432.177,180.908,145.571,1,-1,-1,-1
244,262,1744.93,553.21,172.677,140.414,1,-1,-1,-1
244,260,1094.26,157.646,225.641,133.063,1,-1,-1,-1
244,222,791.261,461.314,199.358,175.384,1,-1,-1,-1
244,216,1599.89,941.624,117.564,136.246,1,-1,-1,-1
244,9,1532.27,422.449,181.737,155.59,1,-1,-1,-1
245,281,910.443,434.943,90.7857,82.7545,1,-1,-1,-1
245,260,1023.31,157.815,248.215,141.558,1,-1,-1,-1
245,216,1596.26,937.872,118.219,140.085,1,-1,-1,-1
245,162,844.395,431.446,158.575,160.838,1,-1,-1,-1
245,9,1530.11,415.223,185.02,157.993,1,-1,-1,-1
246,239,969.316,150.717,196.765,147.925,1,-1,-1,-1
246,216,1596.26,929.579,119.572,147.231,1,-1,-1,-1
246,162,836.277,374.925,175.486,163.69,1,-1,-1,-1
246,9,1527.42,407.379,187.121,161.051,1,-1,-1,-1
247,239,933.376,115.143,218.209,169.949,1,-1,-1,-1
247,216,1592.91,923.486,119.961,151.981,1,-1,-1,-1
247,162,810.018,344.866,198.612,167.998,1,-1,-1,-1
247,9,1525.88,363.746,190.252,197.075,1,-1,-1,-1
